"Dshore","theta","omega"
1.5461518941249,-3.13354537479768,-3.0130293248422
1.39409395442307,-3.13354537479768,-2.57107377245207
1.269266591963,-3.13354537479768,-2.13376520148016
1.16495625068835,-3.13354537479768,-1.70575059334468
1.07648870210123,-3.13354537479768,-1.29167692946387
1.00050935927108,-3.13354537479768,-0.896191191255927
0.93454827345429,-3.13354537479768,-0.523940360139084
0.876746560196146,-3.13354537479768,-0.17957141753156
0.825678435087975,-3.13354537479768,0.132268655148428
0.78023202182242,-3.13354537479768,0.40693287648266
0.739527469571637,-3.13354537479768,0.639774265052917
0.702859430314095,-3.13354537479768,0.826145839440981
0.669655840638388,-3.13354537479768,0.961400618228629
0.63944785959241,-3.13354537479768,1.04185853343393
0.61184759190609,-3.13354537479768,1.07054484042588
0.586531341654807,-3.13354537479768,1.0533259326909
0.563226858187451,-3.13354537479768,0.99607843990969
0.54170350638638,-3.13354537479768,0.904678991762942
0.521764607792301,-3.13354537479768,0.785004217931348
0.503241413118081,-3.13354537479768,0.6429307480956
0.485988314638417,-3.13354537479768,0.484335211936393
0.469879010763755,-3.13354537479768,0.31509423913442
0.45480340894924,-3.13354537479768,0.141084459370373
0.440665106272315,-3.13354537479768,-0.0321890250016338
0.427379325764472,-3.13354537479768,-0.201453336543585
0.414871215127282,-3.13354537479768,-0.364265388381577
0.403074435702422,-3.13354537479768,-0.518183477864625
0.391929985519857,-3.13354537479768,-0.660765902341745
0.381385212339494,-3.13354537479768,-0.789570959161951
0.371392981841731,-3.13354537479768,-0.902156945674256
0.361910973239214,-3.13354537479768,-0.996082159227678
0.352901080104469,-3.13354537479768,-1.06890489717123
0.344328898523097,-3.13354537479768,-1.11818345685393
0.336163288076316,-3.13354537479768,-1.14147613562479
0.328375993843104,-3.13354537479768,-1.13634123083282
0.320941319751235,-3.13354537479768,-1.10033703982705
0.313835845319355,-3.13354537479768,-1.03102185995648
0.307038179211149,-3.13354537479768,-0.926070824296201
0.300528744138513,-3.13354537479768,-0.785766708363579
0.294289588557952,-3.13354537479768,-0.612956470979926
0.288304221345691,-3.13354537479768,-0.410595214095336
0.282557466245279,-3.13354537479768,-0.181638039659903
0.277035333382705,-3.13354537479768,0.0709599503762808
0.271724905558922,-3.13354537479768,0.34424365406312
0.26661423737418,-3.13354537479768,0.635257969450524
0.261692265525976,-3.13354537479768,0.941047794588394
0.256948728862854,-3.13354537479768,1.25865802752664
0.252374096978216,-3.13354537479768,1.58513356631517
0.247959506298464,-3.13354537479768,1.91751930900388
0.243696702763601,-3.13354537479768,2.25286015364269
1.5461518941249,-3.00567516337039,-3.48416187047407
1.39409395442307,-3.00567516337039,-2.99236064705673
1.269266591963,-3.00567516337039,-2.50556780704448
1.16495625068835,-3.00567516337039,-2.02879173384242
1.07648870210123,-3.00567516337039,-1.56704081085563
1.00050935927108,-3.00567516337039,-1.12532342148922
0.93454827345429,-3.00567516337039,-0.708647949148261
0.876746560196146,-3.00567516337039,-0.322022777237858
0.825678435087975,-3.00567516337039,0.0295437108368988
0.78023202182242,-3.00567516337039,0.341043131670918
0.739527469571637,-3.00567516337039,0.607467101859108
0.702859430314095,-3.00567516337039,0.823807237996374
0.669655840638388,-3.00567516337039,0.985055156677627
0.63944785959241,-3.00567516337039,1.08721694462378
0.61184759190609,-3.00567516337039,1.13333380666398
0.586531341654807,-3.00567516337039,1.12942782433861
0.563226858187451,-3.00567516337039,1.08153181883949
0.54170350638638,-3.00567516337039,0.995678611358435
0.521764607792301,-3.00567516337039,0.877901023087275
0.503241413118081,-3.00567516337039,0.734231875217828
0.485988314638417,-3.00567516337039,0.570703988941916
0.469879010763755,-3.00567516337039,0.393350185451361
0.45480340894924,-3.00567516337039,0.208203285937984
0.440665106272315,-3.00567516337039,0.0209879287949756
0.427379325764472,-3.00567516337039,-0.164422883447049
0.414871215127282,-3.00567516337039,-0.344844461498604
0.403074435702422,-3.00567516337039,-0.5170932642864
0.391929985519857,-3.00567516337039,-0.677985750737145
0.381385212339494,-3.00567516337039,-0.824338379777548
0.371392981841731,-3.00567516337039,-0.952967610334318
0.361910973239214,-3.00567516337039,-1.06068990133417
0.352901080104469,-3.00567516337039,-1.1443217117038
0.344328898523097,-3.00567516337039,-1.20067950036993
0.336163288076316,-3.00567516337039,-1.22657972625926
0.328375993843104,-3.00567516337039,-1.2188388482985
0.320941319751235,-3.00567516337039,-1.17427332541437
0.313835845319355,-3.00567516337039,-1.08969961653357
0.307038179211149,-3.00567516337039,-0.962080587421786
0.300528744138513,-3.00567516337039,-0.791646740380061
0.294289588557952,-3.00567516337039,-0.581841755602054
0.288304221345691,-3.00567516337039,-0.336244827427427
0.282557466245279,-3.00567516337039,-0.0584351501958423
0.277035333382705,-3.00567516337039,0.248008081753038
0.271724905558922,-3.00567516337039,0.579505674079552
0.26661423737418,-3.00567516337039,0.93247843244404
0.261692265525976,-3.00567516337039,1.30334716250684
0.256948728862854,-3.00567516337039,1.68853266992828
0.252374096978216,-3.00567516337039,2.08445576036871
0.247959506298464,-3.00567516337039,2.48753723948846
0.243696702763601,-3.00567516337039,2.89419791294788
1.5461518941249,-2.8778049519431,-4.01252834493971
1.39409395442307,-2.8778049519431,-3.46981378470099
1.269266591963,-2.8778049519431,-2.93243952552355
1.16495625068835,-2.8778049519431,-2.40574586846867
1.07648870210123,-2.8778049519431,-1.89507311459765
1.00050935927108,-2.8778049519431,-1.40576156497176
0.93454827345429,-2.8778049519431,-0.943151520652275
0.876746560196146,-2.8778049519431,-0.512583282700493
0.825678435087975,-2.8778049519431,-0.119397152177688
0.78023202182242,-2.8778049519431,0.231066569854853
0.739527469571637,-2.8778049519431,0.53346758233585
0.702859430314095,-2.8778049519431,0.78246558420402
0.669655840638388,-2.8778049519431,0.972720274398079
0.63944785959241,-2.8778049519431,1.09994257599191
0.61184759190609,-2.8778049519431,1.16713341080803
0.586531341654807,-2.8778049519431,1.18038257382792
0.563226858187451,-2.8778049519431,1.14579098877949
0.54170350638638,-2.8778049519431,1.06945957939068
0.521764607792301,-2.8778049519431,0.957489269389388
0.503241413118081,-2.8778049519431,0.815980982503547
0.485988314638417,-2.8778049519431,0.651035642461073
0.469879010763755,-2.8778049519431,0.468754172989886
0.45480340894924,-2.8778049519431,0.275237497817904
0.440665106272315,-2.8778049519431,0.076359159617612
0.427379325764472,-2.8778049519431,-0.123373458628745
0.414871215127282,-2.8778049519431,-0.319960819905449
0.403074435702422,-2.8778049519431,-0.509404234364799
0.391929985519857,-2.8778049519431,-0.687705012159096
0.381385212339494,-2.8778049519431,-0.850864463440638
0.371392981841731,-2.8778049519431,-0.994883898361723
0.361910973239214,-2.8778049519431,-1.11576462707465
0.352901080104469,-2.8778049519431,-1.20950795973173
0.344328898523097,-2.8778049519431,-1.27211520648524
0.336163288076316,-2.8778049519431,-1.29958767748749
0.328375993843104,-2.8778049519431,-1.28792668289079
0.320941319751235,-2.8778049519431,-1.23313353284742
0.313835845319355,-2.8778049519431,-1.1312095375097
0.307038179211149,-2.8778049519431,-0.978334498106807
0.300528744138513,-2.8778049519431,-0.774671936629901
0.294289588557952,-2.8778049519431,-0.52430270288309
0.288304221345691,-2.8778049519431,-0.23147285798182
0.282557466245279,-2.8778049519431,0.0995715369584638
0.277035333382705,-2.8778049519431,0.464584420822315
0.271724905558922,-2.8778049519431,0.859319732494288
0.26661423737418,-2.8778049519431,1.27953141085894
0.261692265525976,-2.8778049519431,1.72097339480082
0.256948728862854,-2.8778049519431,2.17939962320448
0.252374096978216,-2.8778049519431,2.65056403495448
0.247959506298464,-2.8778049519431,3.13022056893537
0.243696702763601,-2.8778049519431,3.61412316403171
1.5461518941249,-2.74993474051581,-4.59960141695746
1.39409395442307,-2.74993474051581,-4.00494794194922
1.269266591963,-2.74993474051581,-3.41593531004251
1.16495625068835,-2.74993474051581,-2.83820436433889
1.07648870210123,-2.74993474051581,-2.27739594793989
1.00050935927108,-2.74993474051581,-1.73915090394705
0.93454827345429,-2.74993474051581,-1.2291100754619
0.876746560196146,-2.74993474051581,-0.752914305586005
0.825678435087975,-2.74993474051581,-0.316204437420888
0.78023202182242,-2.74993474051581,0.0753786859319081
0.739527469571637,-2.74993474051581,0.416194221370842
0.702859430314095,-2.74993474051581,0.700601325794374
0.669655840638388,-2.74993474051581,0.922959156100963
0.63944785959241,-2.74993474051581,1.07870349113388
0.61184759190609,-2.74993474051581,1.17073623648132
0.586531341654807,-2.74993474051581,1.20512279875512
0.563226858187451,-2.74993474051581,1.18793998218657
0.54170350638638,-2.74993474051581,1.12526459100694
0.521764607792301,-2.74993474051581,1.02317342944751
0.503241413118081,-2.74993474051581,0.887743301739569
0.485988314638417,-2.74993474051581,0.725051012114395
0.469879010763755,-2.74993474051581,0.541173364803269
0.45480340894924,-2.74993474051581,0.342187164037471
0.440665106272315,-2.74993474051581,0.134040763110586
0.427379325764472,-2.74993474051581,-0.0780892485975451
0.414871215127282,-2.74993474051581,-0.289313171441499
0.403074435702422,-2.74993474051581,-0.494741784353656
0.391929985519857,-2.74993474051581,-0.6894858662664
0.381385212339494,-2.74993474051581,-0.868656196112109
0.371392981841731,-2.74993474051581,-1.02736355282316
0.361910973239214,-2.74993474051581,-1.16071871533195
0.352901080104469,-2.74993474051581,-1.26383246257084
0.344328898523097,-2.74993474051581,-1.33181557347223
0.336163288076316,-2.74993474051581,-1.35977882696848
0.328375993843104,-2.74993474051581,-1.34283300199199
0.320941319751235,-2.74993474051581,-1.27608887747513
0.313835845319355,-2.74993474051581,-1.15465723235028
0.307038179211149,-2.74993474051581,-0.973861999012723
0.300528744138513,-2.74993474051581,-0.733784456221128
0.294289588557952,-2.74993474051581,-0.439183942854089
0.288304221345691,-2.74993474051581,-0.0950170926002818
0.282557466245279,-2.74993474051581,0.293759460851617
0.277035333382705,-2.74993474051581,0.72218908381293
0.271724905558922,-2.74993474051581,1.18531514259498
0.26661423737418,-2.74993474051581,1.67818100350909
0.261692265525976,-2.74993474051581,2.19583003286659
0.256948728862854,-2.74993474051581,2.73330559697879
0.252374096978216,-2.74993474051581,3.28565106215703
0.247959506298464,-2.74993474051581,3.84790979471261
0.243696702763601,-2.74993474051581,4.41512516095688
1.5461518941249,-2.62206452908852,-5.23179819387633
1.39409395442307,-2.62206452908852,-4.58475515029716
1.269266591963,-2.62206452908852,-3.94362387787838
1.16495625068835,-2.62206452908852,-3.31431614778038
1.07648870210123,-2.62206452908852,-2.70274373116357
1.00050935927108,-2.62206452908852,-2.11481839918831
0.93454827345429,-2.62206452908852,-1.55645192301501
0.876746560196146,-2.62206452908852,-1.03355607380406
0.825678435087975,-2.62206452908852,-0.552042622715856
0.78023202182242,-2.62206452908852,-0.117823340910782
0.739527469571637,-2.62206452908852,0.26319000045077
0.702859430314095,-2.62206452908852,0.585085630208406
0.669655840638388,-2.62206452908852,0.841951777201736
0.63944785959241,-2.62206452908852,1.02896862375926
0.61184759190609,-2.62206452908852,1.14888879970315
0.586531341654807,-2.62206452908852,1.20767348544898
0.563226858187451,-2.62206452908852,1.2112954213386
0.54170350638638,-2.62206452908852,1.16572734771385
0.521764607792301,-2.62206452908852,1.07694200491658
0.503241413118081,-2.62206452908852,0.950912133288646
0.485988314638417,-2.62206452908852,0.793610473171889
0.469879010763755,-2.62206452908852,0.61100976490816
0.45480340894924,-2.62206452908852,0.409082748839305
0.440665106272315,-2.62206452908852,0.193787655956109
0.427379325764472,-2.62206452908852,-0.0290044583973428
0.414871215127282,-2.62206452908852,-0.25345494489866
0.403074435702422,-2.62206452908852,-0.473725208283859
0.391929985519857,-2.62206452908852,-0.683976653288958
0.381385212339494,-2.62206452908852,-0.878370684649974
0.371392981841731,-2.62206452908852,-1.05106870710292
0.361910973239214,-2.62206452908852,-1.19623212538383
0.352901080104469,-2.62206452908852,-1.30802234422869
0.344328898523097,-2.62206452908852,-1.38060076837355
0.336163288076316,-2.62206452908852,-1.40812880255441
0.328375993843104,-2.62206452908852,-1.38476785150729
0.320941319751235,-2.62206452908852,-1.30467931996821
0.313835845319355,-2.62206452908852,-1.16202461267318
0.307038179211149,-2.62206452908852,-0.951214933591931
0.300528744138513,-2.62206452908852,-0.672236725585275
0.294289588557952,-2.62206452908852,-0.330558753111607
0.288304221345691,-2.62206452908852,0.0681190052411629
0.282557466245279,-2.62206452908852,0.518096570885125
0.277035333382705,-2.62206452908852,1.01367396523237
0.271724905558922,-2.62206452908852,1.54915120969498
0.26661423737418,-2.62206452908852,2.11882832568506
0.261692265525976,-2.62206452908852,2.71700533461469
0.256948728862854,-2.62206452908852,3.33798225789596
0.252374096978216,-2.62206452908852,3.97605911694096
0.247959506298464,-2.62206452908852,4.62553593316178
0.243696702763601,-2.62206452908852,5.28071272797051
1.5461518941249,-2.49419431766123,-5.89212758738531
1.39409395442307,-2.49419431766123,-5.19293986614879
1.269266591963,-2.49419431766123,-4.49990781871264
1.16495625068835,-2.49419431766123,-3.81918711887722
1.07648870210123,-2.49419431766123,-3.15693344044291
1.00050935927108,-2.49419431766123,-2.51930245721008
0.93454827345429,-2.49419431766123,-1.91244984297909
0.876746560196146,-2.49419431766123,-1.34253127155032
0.825678435087975,-2.49419431766123,-0.815702416724127
0.78023202182242,-2.49419431766123,-0.338118952300888
0.739527469571637,-2.49419431766123,0.0840634479190314
0.702859430314095,-2.49419431766123,0.444689110135262
0.669655840638388,-2.49419431766123,0.737602360547432
0.63944785959241,-2.49419431766123,0.957746451367306
0.61184759190609,-2.49419431766123,1.10768543515291
0.586531341654807,-2.49419431766123,1.19321240282716
0.563226858187451,-2.49419431766123,1.22013207905363
0.54170350638638,-2.49419431766123,1.19424918849588
0.521764607792301,-2.49419431766123,1.12136845581748
0.503241413118081,-2.49419431766123,1.007294605682
0.485988314638417,-2.49419431766123,0.857832362752988
0.469879010763755,-2.49419431766123,0.678786451694022
0.45480340894924,-2.49419431766123,0.475961597168663
0.440665106272315,-2.49419431766123,0.255272993117859
0.427379325764472,-2.49419431766123,0.0232995592862701
0.414871215127282,-2.49419431766123,-0.213133056124511
0.403074435702422,-2.49419431766123,-0.447198793330498
0.391929985519857,-2.49419431766123,-0.672071592547708
0.381385212339494,-2.49419431766123,-0.880925393992155
0.371392981841731,-2.49419431766123,-1.06693413787985
0.361910973239214,-2.49419431766123,-1.22327176442682
0.352901080104469,-2.49419431766123,-1.34311221384907
0.344328898523097,-2.49419431766123,-1.41962942636261
0.336163288076316,-2.49419431766123,-1.44599734218347
0.328375993843104,-2.49419431766123,-1.41538990152765
0.320941319751235,-2.49419431766123,-1.32098104461118
0.313835845319355,-2.49419431766123,-1.15594471165006
0.307038179211149,-2.49419431766123,-0.913742527127631
0.300528744138513,-2.49419431766123,-0.594256905902319
0.294289588557952,-2.49419431766123,-0.203684043898189
0.288304221345691,-2.49419431766123,0.251513582450324
0.282557466245279,-2.49419431766123,0.764873496708779
0.277035333382705,-2.49419431766123,1.32993322244274
0.271724905558922,-2.49419431766123,1.94023028321777
0.26661423737418,-2.49419431766123,2.58930220259943
0.261692265525976,-2.49419431766123,3.27068650415327
0.256948728862854,-2.49419431766123,3.97792071144487
0.252374096978216,-2.49419431766123,4.70454234803978
0.247959506298464,-2.49419431766123,5.44408893750357
0.243696702763601,-2.49419431766123,6.1900980034018
1.5461518941249,-2.36632410623394,-6.5635985091734
1.39409395442307,-2.36632410623394,-5.81320654590808
1.269266591963,-2.36632410623394,-5.06918972222677
1.16495625068835,-2.36632410623394,-4.33792317771346
1.07648870210123,-2.36632410623394,-3.62578205195216
1.00050935927108,-2.36632410623394,-2.93914148452689
0.93454827345429,-2.36632410623394,-2.28437661502164
0.876746560196146,-2.36632410623394,-1.66786258302042
0.825678435087975,-2.36632410623394,-1.09597452810723
0.78023202182242,-2.36632410623394,-0.575087589866082
0.739527469571637,-2.36632410623394,-0.111576907880975
0.702859430314095,-2.36632410623394,0.288182378264084
0.669655840638388,-2.36632410623394,0.61781512898509
0.63944785959241,-2.36632410623394,0.872045451457281
0.61184759190609,-2.36632410623394,1.05322047750998
0.586531341654807,-2.36632410623394,1.16691731980733
0.563226858187451,-2.36632410623394,1.21872472814971
0.54170350638638,-2.36632410623394,1.21423145233751
0.521764607792301,-2.36632410623394,1.1590262421711
0.503241413118081,-2.36632410623394,1.05869784745084
0.485988314638417,-2.36632410623394,0.918835017977123
0.469879010763755,-2.36632410623394,0.745026503550318
0.45480340894924,-2.36632410623394,0.542861053970802
0.440665106272315,-2.36632410623394,0.318169929559509
0.427379325764472,-2.36632410623394,0.0782414517677007
0.414871215127282,-2.36632410623394,-0.169094420966631
0.403074435702422,-2.36632410623394,-0.416006826668665
0.391929985519857,-2.36632410623394,-0.654664903363586
0.381385212339494,-2.36632410623394,-0.877237789076572
0.371392981841731,-2.36632410623394,-1.07589462183281
0.361910973239214,-2.36632410623394,-1.24280453965747
0.352901080104469,-2.36632410623394,-1.37013668057574
0.344328898523097,-2.36632410623394,-1.45006018261281
0.336163288076316,-2.36632410623394,-1.47474418379384
0.328375993843104,-2.36632410623394,-1.43635782214404
0.320941319751235,-2.36632410623394,-1.32707023568857
0.313835845319355,-2.36632410623394,-1.13905056245261
0.307038179211149,-2.36632410623394,-0.864794004903027
0.300528744138513,-2.36632410623394,-0.50407315835224
0.294289588557952,-2.36632410623394,-0.0638167254563778
0.288304221345691,-2.36632410623394,0.448744785935009
0.282557466245279,-2.36632410623394,1.02638086797237
0.277035333382705,-2.36632410623394,1.66186101280615
0.271724905558922,-2.36632410623394,2.34795471258679
0.26661423737418,-2.36632410623394,3.07743145946476
0.261692265525976,-2.36632410623394,3.84306074559048
0.256948728862854,-2.36632410623394,4.63761206311441
0.252374096978216,-2.36632410623394,5.453854904187
0.247959506298464,-2.36632410623394,6.28455876095869
0.243696702763601,-2.36632410623394,7.12249312557994
1.5461518941249,-2.23845389480664,-7.22921987092961
1.39409395442307,-2.23845389480664,-6.42925964597902
1.269266591963,-2.23845389480664,-5.63587217810226
1.16495625068835,-2.23845389480664,-4.85563022437316
1.07648870210123,-2.23845389480664,-4.09510654186555
1.00050935927108,-2.23845389480664,-3.36087388765328
0.93454827345429,-2.23845389480664,-2.65950501881015
0.876746560196146,-2.23845389480664,-1.99757269241002
0.825678435087975,-2.23845389480664,-1.3816496655267
0.78023202182242,-2.23845389480664,-0.818308695234036
0.739527469571637,-2.23845389480664,-0.314122538605852
0.702859430314095,-2.23845389480664,0.124336047284018
0.669655840638388,-2.23845389480664,0.490494305361744
0.63944785959241,-2.23845389480664,0.778874101528453
0.61184759190609,-2.23845389480664,0.991588261453746
0.586531341654807,-2.23845389480664,1.13396600530715
0.563226858187451,-2.23845389480664,1.2113481414449
0.54170350638638,-2.23845389480664,1.22907547822321
0.521764607792301,-2.23845389480664,1.1924888239983
0.503241413118081,-2.23845389480664,1.1069289871264
0.485988314638417,-2.23845389480664,0.977736775963727
0.469879010763755,-2.23845389480664,0.810252998866514
0.45480340894924,-2.23845389480664,0.609818464190978
0.440665106272315,-2.23845389480664,0.382151620244737
0.427379325764472,-2.23845389480664,0.135239866361357
0.414871215127282,-2.23845389480664,-0.122085955272598
0.403074435702422,-2.23845389480664,-0.380993595473452
0.391929985519857,-2.23845389480664,-0.632650805057527
0.381385212339494,-2.23845389480664,-0.868225334841147
0.371392981841731,-2.23845389480664,-1.07888493564063
0.361910973239214,-2.23845389480664,-1.25579735827231
0.352901080104469,-2.23845389480664,-1.39013035355251
0.344328898523097,-2.23845389480664,-1.47305167229754
0.336163288076316,-2.23845389480664,-1.49572906532373
0.328375993843104,-2.23845389480664,-1.44933028344741
0.320941319751235,-2.23845389480664,-1.32502307748489
0.313835845319355,-2.23845389480664,-1.11397519825251
0.307038179211149,-2.23845389480664,-0.807718592201316
0.300528744138513,-2.23845389480664,-0.405913644115015
0.294289588557952,-2.23845389480664,0.0837862919712811
0.288304221345691,-2.23845389480664,0.653390762603029
0.282557466245279,-2.23845389480664,1.29490931432568
0.277035333382705,-2.23845389480664,2.0003514936847
0.271724905558922,-2.23845389480664,2.76172684722553
0.26661423737418,-2.23845389480664,3.57104492149363
0.261692265525976,-2.23845389480664,4.42031526303446
0.256948728862854,-2.23845389480664,5.30154741839347
0.252374096978216,-2.23845389480664,6.20675093411611
0.247959506298464,-2.23845389480664,7.12793535674784
0.243696702763601,-2.23845389480664,8.05711023283412
1.5461518941249,-2.11058368337935,-7.87200058434293
1.39409395442307,-2.11058368337935,-7.02480362276558
1.269266591963,-2.11058368337935,-6.1843577760206
1.16495625068835,-2.11058368337935,-5.35741415894039
1.07648870210123,-2.11058368337935,-4.55072388635731
1.00050935927108,-2.11058368337935,-3.77103807310376
0.93454827345429,-2.11058368337935,-3.02510783401212
0.876746560196146,-2.11058368337935,-2.31968428391476
0.825678435087975,-2.11058368337935,-1.66151853764407
0.78023202182242,-2.11058368337935,-1.05736171003242
0.739527469571637,-2.11058368337935,-0.513964915912201
0.702859430314095,-2.11058368337935,-0.03807927011579
0.669655840638388,-2.11058368337935,0.363544112524431
0.63944785959241,-2.11058368337935,0.685240879080085
0.61184759190609,-2.11058368337935,0.928883121663609
0.586531341654807,-2.11058368337935,1.09953622824431
0.563226858187451,-2.11058368337935,1.20227709175723
0.54170350638638,-2.11058368337935,1.24218260513743
0.521764607792301,-2.11058368337935,1.22432966131997
0.503241413118081,-2.11058368337935,1.15379515323988
0.485988314638417,-2.11058368337935,1.03565597383223
0.469879010763755,-2.11058368337935,0.874989016032072
0.45480340894924,-2.11058368337935,0.67687117277445
0.440665106272315,-2.11058368337935,0.446891220137216
0.427379325764472,-2.11058368337935,0.193713450381645
0.414871215127282,-2.11058368337935,-0.0728545748899937
0.403074435702422,-2.11058368337935,-0.343003386919948
0.391929985519857,-2.11058368337935,-0.606923516950468
0.381385212339494,-2.11058368337935,-0.854805496223799
0.371392981841731,-2.11058368337935,-1.07683985598219
0.361910973239214,-2.11058368337935,-1.26321712746789
0.352901080104469,-2.11058368337935,-1.40412784192315
0.344328898523097,-2.11058368337935,-1.4897625305902
0.336163288076316,-2.11058368337935,-1.51031172471132
0.328375993843104,-2.11058368337935,-1.45596595552873
0.320941319751235,-2.11058368337935,-1.31691575428469
0.313835845319355,-2.11058368337935,-1.08335165222144
0.307038179211149,-2.11058368337935,-0.745865514305702
0.300528744138513,-2.11058368337935,-0.304006524370624
0.294289588557952,-2.11058368337935,0.233868098142243
0.288304221345691,-2.11058368337935,0.85902965936219
0.282557466245279,-2.11058368337935,1.56274946541851
0.277035333382705,-2.11058368337935,2.3362988224405
0.271724905558922,-2.11058368337935,3.17094903655744
0.26661423737418,-2.11058368337935,4.05797141389863
0.261692265525976,-2.11058368337935,4.98863726059336
0.256948728862854,-2.11058368337935,5.95421788277093
0.252374096978216,-2.11058368337935,6.94598458656061
0.247959506298464,-2.11058368337935,7.95520867809172
0.243696702763601,-2.11058368337935,8.97316146349352
1.5461518941249,-1.98271347195206,-8.47494956110237
1.39409395442307,-1.98271347195206,-7.58354293267173
1.269266591963,-1.98271347195206,-6.69904910566328
1.16495625068835,-1.98271347195206,-5.82838088149919
1.07648870210123,-1.98271347195206,-4.97845106160167
1.00050935927108,-1.98271347195206,-4.15617244739289
0.93454827345429,-1.98271347195206,-3.36845784029504
0.876746560196146,-1.98271347195206,-2.6222200417303
0.825678435087975,-1.98271347195206,-1.92437185312086
0.78023202182242,-1.98271347195206,-1.28182607588891
0.739527469571637,-1.98271347195206,-0.701495511456624
0.702859430314095,-1.98271347195206,-0.190292961246197
0.669655840638388,-1.98271347195206,0.244868773320186
0.63944785959241,-1.98271347195206,0.598154261611441
0.61184759190609,-1.98271347195206,0.871199392818952
0.586531341654807,-1.98271347195206,1.06880575753646
0.563226858187451,-1.98271347195206,1.19578635190476
0.54170350638638,-1.98271347195206,1.25695417206466
0.521764607792301,-1.98271347195206,1.25712221415698
0.503241413118081,-1.98271347195206,1.20110347432252
0.485988314638417,-1.98271347195206,1.09371094870207
0.469879010763755,-1.98271347195206,0.939757633436455
0.45480340894924,-1.98271347195206,0.744056524666473
0.440665106272315,-1.98271347195206,0.512061884200622
0.427379325764472,-1.98271347195206,0.253080851142974
0.414871215127282,-1.98271347195206,-0.0221471956663949
0.403074435702422,-1.98271347195206,-0.302880488183247
0.391929985519857,-1.98271347195206,-0.578377258363345
0.381385212339494,-1.98271347195206,-0.837895738162451
0.371392981841731,-1.98271347195206,-1.07069415953633
0.361910973239214,-1.98271347195206,-1.26603075444074
0.352901080104469,-1.98271347195206,-1.41316375483144
0.344328898523097,-1.98271347195206,-1.5013513926642
0.336163288076316,-1.98271347195206,-1.51985189989479
0.328375993843104,-1.98271347195206,-1.45792350847895
0.320941319751235,-1.98271347195206,-1.30482445037247
0.313835845319355,-1.98271347195206,-1.04981295753109
0.307038179211149,-1.98271347195206,-0.682583996499384
0.300528744138513,-1.98271347195206,-0.202579960299043
0.294289588557952,-1.98271347195206,0.381171782813964
0.288304221345691,-1.98271347195206,1.0592396231203
0.282557466245279,-1.98271347195206,1.82219195090064
0.277035333382705,-1.98271347195206,2.66059715643565
0.271724905558922,-1.98271347195206,3.56502363000599
0.26661423737418,-1.98271347195206,4.52603976189233
0.261692265525976,-1.98271347195206,5.53421394237534
0.256948728862854,-1.98271347195206,6.58011456173568
0.252374096978216,-1.98271347195206,7.65431001025402
0.247959506298464,-1.98271347195206,8.74736867821102
0.243696702763601,-1.98271347195206,9.84985895588735
1.5461518941249,-1.85484326052477,-9.02367967533889
1.39409395442307,-1.85484326052477,-8.09166526352762
1.269266591963,-1.85484326052477,-7.16671110066043
1.16495625068835,-1.85484326052477,-6.25587743568141
1.07648870210123,-1.85484326052477,-5.36622451753464
1.00050935927108,-1.85484326052477,-4.5048125951642
0.93454827345429,-1.85484326052477,-3.67870191751417
0.876746560196146,-1.85484326052477,-2.89495273352864
0.825678435087975,-1.85484326052477,-2.16062529215169
0.78023202182242,-1.85484326052477,-1.48277984232741
0.739527469571637,-1.85484326052477,-0.868476632999863
0.702859430314095,-1.85484326052477,-0.324775913113148
0.669655840638388,-1.85484326052477,0.141262068388657
0.63944785959241,-1.85484326052477,0.523645018726618
0.61184759190609,-1.85484326052477,0.823786676668357
0.586531341654807,-1.85484326052477,1.04623881883958
0.563226858187451,-1.85484326052477,1.19556452774546
0.54170350638638,-1.85484326052477,1.27632688589119
0.521764607792301,-1.85484326052477,1.29308897578193
0.503241413118081,-1.85484326052477,1.25041387992287
0.485988314638417,-1.85484326052477,1.15286468081918
0.469879010763755,-1.85484326052477,1.00500446097604
0.45480340894924,-1.85484326052477,0.811396302898633
0.440665106272315,-1.85484326052477,0.577365654980259
0.427379325764472,-1.85484326052477,0.312818441958561
0.414871215127282,-1.85484326052477,0.0293633005256264
0.403074435702422,-1.85484326052477,-0.261388292231526
0.391929985519857,-1.85484326052477,-0.54782485922588
0.381385212339494,-1.85484326052477,-0.818334923370416
0.371392981841731,-1.85484326052477,-1.06130700757812
0.361910973239214,-1.85484326052477,-1.26512963476196
0.352901080104469,-1.85484326052477,-1.41819132783494
0.344328898523097,-1.85484326052477,-1.50888060971002
0.336163288076316,-1.85484326052477,-1.5255860033002
0.328375993843104,-1.85484326052477,-1.45669603151845
0.320941319751235,-1.85484326052477,-1.29059921727776
0.313835845319355,-1.85484326052477,-1.0156840834911
0.307038179211149,-1.85484326052477,-0.620808918892797
0.300528744138513,-1.85484326052477,-0.105316658778718
0.294289588557952,-1.85484326052477,0.521139852794324
0.288304221345691,-1.85484326052477,1.24847295660279
0.282557466245279,-1.85484326052477,2.06659499342313
0.277035333382705,-1.85484326052477,2.96541830403181
0.271724905558922,-1.85484326052477,3.93485522920529
0.26661423737418,-1.85484326052477,4.96481810972003
0.261692265525976,-1.85484326052477,6.04521928635247
0.256948728862854,-1.85484326052477,7.16597109987908
0.252374096978216,-1.85484326052477,8.31698589107631
0.247959506298464,-1.85484326052477,9.48817600072063
0.243696702763601,-1.85484326052477,10.6694537695885
1.5461518941249,-1.72697304909748,-9.51818175912466
1.39409395442307,-1.72697304909748,-8.54906963648681
1.269266591963,-1.72697304909748,-7.58715253943387
1.16495625068835,-1.72697304909748,-6.63962549355068
1.07648870210123,-1.72697304909748,-5.71368352442214
1.00050935927108,-1.72697304909748,-4.81652165763315
0.93454827345429,-1.72697304909748,-3.95533491876858
0.876746560196146,-1.72697304909748,-3.13731833341331
0.825678435087975,-1.72697304909748,-2.36966692715223
0.78023202182242,-1.72697304909748,-1.65957572557023
0.739527469571637,-1.72697304909748,-1.01423975425218
0.702859430314095,-1.72697304909748,-0.440854038782979
0.669655840638388,-1.72697304909748,0.0533863952524948
0.63944785959241,-1.72697304909748,0.4623454385582
0.61184759190609,-1.72697304909748,0.787230323911721
0.586531341654807,-1.72697304909748,1.03235975955318
0.563226858187451,-1.72697304909748,1.20206366390186
0.54170350638638,-1.72697304909748,1.30067195537701
0.521764607792301,-1.72697304909748,1.33251455239792
0.503241413118081,-1.72697304909748,1.30192137338386
0.485988314638417,-1.72697304909748,1.21322233675409
0.469879010763755,-1.72697304909748,1.07074736092789
0.45480340894924,-1.72697304909748,0.878826364324529
0.440665106272315,-1.72697304909748,0.642664079792681
0.427379325764472,-1.72697304909748,0.372721334219266
0.414871215127282,-1.72697304909748,0.0814128155047409
0.403074435702422,-1.72697304909748,-0.218843529098847
0.391929985519857,-1.72697304909748,-0.515629752339451
0.381385212339494,-1.72697304909748,-0.796527906965021
0.371392981841731,-1.72697304909748,-1.04912004572351
0.361910973239214,-1.72697304909748,-1.26098822136287
0.352901080104469,-1.72697304909748,-1.41971448663106
0.344328898523097,-1.72697304909748,-1.51288089427602
0.336163288076316,-1.72697304909748,-1.52806949704571
0.328375993843104,-1.72697304909748,-1.45286234768808
0.320941319751235,-1.72697304909748,-1.27484149895108
0.313835845319355,-1.72697304909748,-0.981589003582669
0.307038179211149,-1.72697304909748,-0.561187326191707
0.300528744138513,-1.72697304909748,-0.0128875632003157
0.294289588557952,-1.72697304909748,0.65307669429939
0.288304221345691,-1.72697304909748,1.42600867407938
0.282557466245279,-1.72697304909748,2.29521160391163
0.277035333382705,-1.72697304909748,3.24998871156811
0.271724905558922,-1.72697304909748,4.27964322482079
0.26661423737418,-1.72697304909748,5.37347837144165
0.261692265525976,-1.72697304909748,6.52079737920264
0.256948728862854,-1.72697304909748,7.71090347587575
0.252374096978216,-1.72697304909748,8.93309988923295
0.247959506298464,-1.72697304909748,10.1766898470462
0.243696702763601,-1.72697304909748,11.4309765770875
1.5461518941249,-1.59910283767019,-9.96338196131437
1.39409395442307,-1.59910283767019,-8.96036156675016
1.269266591963,-1.59910283767019,-7.9646595751739
1.16495625068835,-1.59910283767019,-6.98359438957352
1.07648870210123,-1.59910283767019,-6.02448441293697
1.00050935927108,-1.59910283767019,-5.0946480482522
0.93454827345429,-1.59910283767019,-4.20140369850714
0.876746560196146,-1.59910283767019,-3.35206976668973
0.825678435087975,-1.59910283767019,-2.55396465578793
0.78023202182242,-1.59910283767019,-1.81440676878968
0.739527469571637,-1.59910283767019,-1.14071450868291
0.702859430314095,-1.59910283767019,-0.540206278455569
0.669655840638388,-1.59910283767019,-0.0202004810956049
0.63944785959241,-1.59910283767019,0.413034749415152
0.61184759190609,-1.59910283767019,0.76051465424213
0.586531341654807,-1.59910283767019,1.02634054119834
0.563226858187451,-1.59910283767019,1.21462483673178
0.54170350638638,-1.59910283767019,1.32947996729047
0.521764607792301,-1.59910283767019,1.37501835932241
0.503241413118081,-1.59910283767019,1.35535243927561
0.485988314638417,-1.59910283767019,1.27459463359807
0.469879010763755,-1.59910283767019,1.1368573687378
0.45480340894924,-1.59910283767019,0.946253071142816
0.440665106272315,-1.59910283767019,0.70787345688484
0.427379325764472,-1.59910283767019,0.432694047994864
0.414871215127282,-1.59910283767019,0.13387756844345
0.403074435702422,-1.59910283767019,-0.175409609197394
0.391929985519857,-1.59910283767019,-0.482001112355661
0.381385212339494,-1.59910283767019,-0.772730568459341
0.371392981841731,-1.59910283767019,-1.03443160493643
0.361910973239214,-1.59910283767019,-1.25393784921491
0.352901080104469,-1.59910283767019,-1.41808292872278
0.344328898523097,-1.59910283767019,-1.51370047088803
0.336163288076316,-1.59910283767019,-1.52762410313865
0.328375993843104,-1.59910283767019,-1.44668745290264
0.320941319751235,-1.59910283767019,-1.25772414760798
0.313835845319355,-1.59910283767019,-0.947567814682673
0.307038179211149,-1.59910283767019,-0.503580950436859
0.300528744138513,-1.59910283767019,0.075070188189947
0.294289588557952,-1.59910283767019,0.77761230587024
0.288304221345691,-1.59910283767019,1.59278258632643
0.282557466245279,-1.59910283767019,2.50931821328093
0.277035333382705,-1.59910283767019,3.51595637045615
0.271724905558922,-1.59910283767019,4.60143424157449
0.26661423737418,-1.59910283767019,5.75448901035838
0.261692265525976,-1.59910283767019,6.96385786053022
0.256948728862854,-1.59910283767019,8.21827797581241
0.252374096978216,-1.59910283767019,9.50648653992737
0.247959506298464,-1.59910283767019,10.8172207365975
0.243696702763601,-1.59910283767019,12.1392177495452
1.5461518941249,-1.47123262624289,-10.3642108758956
1.39409395442307,-1.47123262624289,-9.3301508085557
1.269266591963,-1.47123262624289,-8.30352239374531
1.16495625068835,-1.47123262624289,-7.29175728399397
1.07648870210123,-1.47123262624289,-6.30228713183119
1.00050935927108,-1.47123262624289,-5.3425435897865
0.93454827345429,-1.47123262624289,-4.41995831038941
0.876746560196146,-1.47123262624289,-3.54196294616945
0.825678435087975,-1.47123262624289,-2.71598914965615
0.78023202182242,-1.47123262624289,-1.94946857337901
0.739527469571637,-1.47123262624289,-1.24983286986757
0.702859430314095,-1.47123262624289,-0.62451369165135
0.669655840638388,-1.47123262624289,-0.0809426912598653
0.63944785959241,-1.47123262624289,0.374490510595606
0.61184759190609,-1.47123262624289,0.742622545338734
0.586531341654807,-1.47123262624289,1.02735190723146
0.563226858187451,-1.47123262624289,1.23258812196806
0.54170350638638,-1.47123262624289,1.36224071524276
0.521764607792301,-1.47123262624289,1.42021921274984
0.503241413118081,-1.47123262624289,1.41043314018354
0.485988314638417,-1.47123262624289,1.33679202323812
0.469879010763755,-1.47123262624289,1.20320538760784
0.45480340894924,-1.47123262624289,1.01358275898695
0.440665106272315,-1.47123262624289,0.772910133816664
0.427379325764472,-1.47123262624289,0.492641201897156
0.414871215127282,-1.47123262624289,0.186633904895057
0.403074435702422,-1.47123262624289,-0.13124980484769
0.391929985519857,-1.47123262624289,-0.447147974989141
0.381385212339494,-1.47123262624289,-0.74719865318735
0.371392981841731,-1.47123262624289,-1.01753988710037
0.361910973239214,-1.47123262624289,-1.24430972438627
0.352901080104469,-1.47123262624289,-1.41364621270308
0.344328898523097,-1.47123262624289,-1.51168739970888
0.336163288076316,-1.47123262624289,-1.52457133306172
0.328375993843104,-1.47123262624289,-1.43843606041964
0.320941319751235,-1.47123262624289,-1.23941962944072
0.313835845319355,-1.47123262624289,-0.913660087782994
0.307038179211149,-1.47123262624289,-0.447850816354899
0.300528744138513,-1.47123262624289,0.158920388271745
0.294289588557952,-1.47123262624289,0.895377879998251
0.288304221345691,-1.47123262624289,1.749731996361
0.282557466245279,-1.47123262624289,2.71019307489636
0.277035333382705,-1.47123262624289,3.76497145314071
0.271724905558922,-1.47123262624289,4.90227746863042
0.26661423737418,-1.47123262624289,6.1103214589019
0.261692265525976,-1.47123262624289,7.37731376149148
0.256948728862854,-1.47123262624289,8.69146471393555
0.252374096978216,-1.47123262624289,10.0409846537705
0.247959506298464,-1.47123262624289,11.4140839185327
0.243696702763601,-1.47123262624289,12.7989728457585
1.5461518941249,-1.3433624148156,-10.725599096856
1.39409395442307,-1.3433624148156,-9.66304711614148
1.269266591963,-1.3433624148156,-8.60803118101288
1.16495625068835,-1.3433624148156,-7.56808733705604
1.07648870210123,-1.3433624148156,-6.55075162985685
1.00050935927108,-1.3433624148156,-5.56356010500119
0.93454827345429,-1.3433624148156,-4.61404880807494
0.876746560196146,-1.3433624148156,-3.70975378466398
0.825678435087975,-1.3433624148156,-2.85821108035421
0.78023202182242,-1.3433624148156,-2.06695674073149
0.739527469571637,-1.3433624148156,-1.34352681138171
0.702859430314095,-1.3433624148156,-0.695457337890756
0.669655840638388,-1.3433624148156,-0.13028436584451
0.63944785959241,-1.3433624148156,0.345490281397694
0.61184759190609,-1.3433624148156,0.732536874880678
0.586531341654807,-1.3433624148156,1.03456460110898
0.563226858187451,-1.3433624148156,1.25529359534348
0.54170350638638,-1.3433624148156,1.39844399284508
0.521764607792301,-1.3433624148156,1.46773592887465
0.503241413118081,-1.3433624148156,1.46688953869308
0.485988314638417,-1.3433624148156,1.39962495756126
0.469879010763755,-1.3433624148156,1.26966232074007
0.45480340894924,-1.3433624148156,1.0807217634904
0.440665106272315,-1.3433624148156,0.837690458148079
0.427379325764472,-1.3433624148156,0.552467414537943
0.414871215127282,-1.3433624148156,0.239558170412864
0.403074435702422,-1.3433624148156,-0.0865273883702577
0.391929985519857,-1.3433624148156,-0.411279375954521
0.381385212339494,-1.3433624148156,-0.720187906483023
0.371392981841731,-1.3433624148156,-0.998743094098863
0.361910973239214,-1.3433624148156,-1.23243505294514
0.352901080104469,-1.3433624148156,-1.40675389716495
0.344328898523097,-1.3433624148156,-1.5071897409014
0.336163288076316,-1.3433624148156,-1.51923269829758
0.328375993843104,-1.3433624148156,-1.42837288349659
0.320941319751235,-1.3433624148156,-1.22010041064154
0.313835845319355,-1.3433624148156,-0.879905393875512
0.307038179211149,-1.3433624148156,-0.393857948672471
0.300528744138513,-1.3433624148156,0.239026829924754
0.294289588557952,-1.3433624148156,1.0070046091748
0.288304221345691,-1.3433624148156,1.89779420720014
0.282557466245279,-1.3433624148156,2.89911444212324
0.277035333382705,-1.3433624148156,3.99868413206658
0.271724905558922,-1.3433624148156,5.18422209515262
0.26661423737418,-1.3433624148156,6.44344714950384
0.261692265525976,-1.3433624148156,7.7640781132427
0.256948728862854,-1.3433624148156,9.13383380449168
0.252374096978216,-1.3433624148156,10.5404330413732
0.247959506298464,-1.3433624148156,11.9715946420099
0.243696702763601,-1.3433624148156,13.415037424524
1.5461518941249,-1.21549220338831,-11.052477218183
1.39409395442307,-1.21549220338831,-9.96366024374555
1.269266591963,-1.21549220338831,-8.88247612284137
1.16495625068835,-1.21549220338831,-7.81655770900377
1.07648870210123,-1.21549220338831,-6.77353785576602
1.00050935927108,-1.21549220338831,-5.76104941666143
0.93454827345429,-1.21549220338831,-4.78672524522328
0.876746560196146,-1.21549220338831,-3.85819819498486
0.825678435087975,-1.21549220338831,-2.98310111947946
0.78023202182242,-1.21549220338831,-2.16906687224036
0.739527469571637,-1.21549220338831,-1.42372830680085
0.702859430314095,-1.21549220338831,-0.754718276694221
0.669655840638388,-1.21549220338831,-0.169669635453763
0.63944785959241,-1.21549220338831,0.324811621119548
0.61184759190609,-1.21549220338831,0.729240520547109
0.586531341654807,-1.21549220338831,1.0471493662873
0.563226858187451,-1.21549220338831,1.28208133259087
0.54170350638638,-1.21549220338831,1.43757959370861
0.521764607792301,-1.21549220338831,1.51718732389128
0.503241413118081,-1.21549220338831,1.52444769738965
0.485988314638417,-1.21549220338831,1.46290388845448
0.469879010763755,-1.21549220338831,1.33609907133655
0.45480340894924,-1.21549220338831,1.14757642028662
0.440665106272315,-1.21549220338831,0.902130777439015
0.427379325764472,-1.21549220338831,0.612077304529025
0.414871215127282,-1.21549220338831,0.292526710550172
0.403074435702422,-1.21549220338831,-0.0414056320856214
0.391929985519857,-1.21549220338831,-0.374604350966432
0.381385212339494,-1.21549220338831,-0.691954073680335
0.371392981841731,-1.21549220338831,-0.978339427815408
0.361910973239214,-1.21549220338831,-1.21864504095973
0.352901080104469,-1.21549220338831,-1.39775554070137
0.344328898523097,-1.21549220338831,-1.50055555462841
0.336163288076316,-1.21549220338831,-1.51192971032893
0.328375993843104,-1.21549220338831,-1.416762635391
0.320941319751235,-1.21549220338831,-1.1999389574027
0.313835845319355,-1.21549220338831,-0.846343303952109
0.307038179211149,-1.21549220338831,-0.341463372116221
0.300528744138513,-1.21549220338831,0.31575330602865
0.294289588557952,-1.21549220338831,1.11312368589127
0.288304221345691,-1.21549220338831,2.03790652186092
0.282557466245279,-1.21549220338831,3.07736056832691
0.277035333382705,-1.21549220338831,4.21874457967854
0.271724905558922,-1.21549220338831,5.44931731030509
0.26661423737418,-1.21549220338831,6.75633751459588
0.261692265525976,-1.21549220338831,8.12706394694018
0.256948728862854,-1.21549220338831,9.5487553617273
0.252374096978216,-1.21549220338831,11.0086705133465
0.247959506298464,-1.21549220338831,12.4940681561872
0.243696702763601,-1.21549220338831,13.9922070446385
1.5461518941249,-1.08762199196102,-11.3497758338644
1.39409395442307,-1.08762199196102,-10.236599945606
1.269266591963,-1.08762199196102,-9.13114740509557
1.16495625068835,-1.08762199196102,-8.04114156008117
1.07648870210123,-1.08762199196102,-6.97430575831077
1.00050935927108,-1.08762199196102,-5.93836334753238
0.93454827345429,-1.08762199196102,-4.94103767549399
0.876746560196146,-1.08762199196102,-3.99005208994361
0.825678435087975,-1.08762199196102,-3.09312993862924
0.78023202182242,-1.08762199196102,-2.25799456929888
0.739527469571637,-1.08762199196102,-1.49236932970052
0.702859430314095,-1.08762199196102,-0.803977567582179
0.669655840638388,-1.08762199196102,-0.200542630691848
0.63944785959241,-1.08762199196102,0.311232089059298
0.61184759190609,-1.08762199196102,0.731716360017176
0.586531341654807,-1.08762199196102,1.06427694622283
0.563226858187451,-1.08762199196102,1.31229140944304
0.54170350638638,-1.08762199196102,1.47913731144456
0.521764607792301,-1.08762199196102,1.56819221399419
0.503241413118081,-1.08762199196102,1.58283367885868
0.485988314638417,-1.08762199196102,1.5264392678048
0.469879010763755,-1.08762199196102,1.40238654259934
0.45480340894924,-1.08762199196102,1.21405306500906
0.440665106272315,-1.08762199196102,0.966147439249397
0.427379325764472,-1.08762199196102,0.671375490482203
0.414871215127282,-1.08762199196102,0.345415870860284
0.403074435702422,-1.08762199196102,0.00395219168569699
0.391929985519857,-1.08762199196102,-0.337331935739505
0.381385212339494,-1.08762199196102,-0.662752900113262
0.371392981841731,-1.08762199196102,-0.95662709013352
0.361910973239214,-1.08762199196102,-1.20327089449822
0.352901080104469,-1.08762199196102,-1.38700070190532
0.344328898523097,-1.08762199196102,-1.49213290105274
0.336163288076316,-1.08762199196102,-1.50298388063845
0.328375993843104,-1.08762199196102,-1.40387002936037
0.320941319751235,-1.08762199196102,-1.17910773591646
0.313835845319355,-1.08762199196102,-0.813013389004663
0.307038179211149,-1.08762199196102,-0.290528111412791
0.300528744138513,-1.08762199196102,0.38946360946311
0.294289588557952,-1.08762199196102,1.21436630263902
0.288304221345691,-1.08762199196102,2.1710062433604
0.282557466245279,-1.08762199196102,3.24620970687271
0.277035333382705,-1.08762199196102,4.42680296842138
0.271724905558922,-1.08762199196102,5.69961230325189
0.26661423737418,-1.08762199196102,7.05146398660968
0.261692265525976,-1.08762199196102,8.4691842937402
0.256948728862854,-1.08762199196102,9.9395994998889
0.252374096978216,-1.08762199196102,11.4495358803012
0.247959506298464,-1.08762199196102,12.9858197102227
0.243696702763601,-1.08762199196102,14.5352772648987
1.5461518941249,-0.959751780533729,-11.6224255378876
1.39409395442307,-0.959751780533729,-10.4864759759608
1.269266591963,-0.959751780533729,-9.35833521364023
1.16495625068835,-0.959751780533729,-8.24581205053227
1.07648870210123,-0.959751780533729,-7.15671528624316
1.00050935927108,-0.959751780533729,-6.09885372037918
0.93454827345429,-0.959751780533729,-5.08003615254662
0.876746560196146,-0.959751780533729,-4.10807138235176
0.825678435087975,-0.959751780533729,-3.1907682094009
0.78023202182242,-0.959751780533729,-2.3359354333003
0.739527469571637,-0.959751780533729,-1.55138185365626
0.702859430314095,-0.959751780533729,-0.844916270075062
0.669655840638388,-0.959751780533729,-0.224347482162989
0.63944785959241,-0.959751780533729,0.303529244515077
0.61184759190609,-0.959751780533729,0.738947270970026
0.586531341654807,-0.959751780533729,1.085118084372
0.563226858187451,-0.959751780533729,1.34526390163278
0.54170350638638,-0.959751780533729,1.52260693966412
0.521764607792301,-0.959751780533729,1.6203694153778
0.503241413118081,-0.959751780533729,1.64177354568558
0.485988314638417,-0.959751780533729,1.59004154749922
0.469879010763755,-0.959751780533729,1.4683956377305
0.45480340894924,-0.959751780533729,1.28005803329119
0.440665106272315,-0.959751780533729,1.02965679113915
0.427379325764472,-0.959751780533729,0.730266591009278
0.414871215127282,-0.959751780533729,0.398101996896503
0.403074435702422,-0.959751780533729,0.0493828106231736
0.391929985519857,-0.959751780533729,-0.299671165988369
0.381385212339494,-0.959751780533729,-0.632840131115778
0.371392981841731,-0.959751780533729,-0.93390428293671
0.361910973239214,-0.959751780533729,-1.18664381962882
0.352901080104469,-0.959751780533729,-1.37483893936977
0.344328898523097,-0.959751780533729,-1.48226984033722
0.336163288076316,-0.959751780533729,-1.49271672070881
0.328375993843104,-0.959751780533729,-1.38995977866221
0.320941319751235,-0.959751780533729,-1.15777921237507
0.313835845319355,-0.959751780533729,-0.779955220025055
0.307038179211149,-0.959751780533729,-0.240913191288827
0.300528744138513,-0.959751780533729,0.460521533107808
0.294289588557952,-0.959751780533729,1.31136365190945
0.288304221345691,-0.959751780533729,2.29803067471565
0.282557466245279,-0.959751780533729,3.40694011112595
0.277035333382705,-0.959751780533729,4.62450947073989
0.271724905558922,-0.959751780533729,5.93715626315702
0.26661423737418,-0.959751780533729,7.33129799797689
0.261692265525976,-0.959751780533729,8.79335218479904
0.256948728862854,-0.959751780533729,10.309736333223
0.252374096978216,-0.959751780533729,11.8668679528483
0.247959506298464,-0.959751780533729,13.4511645532746
0.243696702763601,-0.959751780533729,15.0490436441013
1.5461518941249,-0.831881569106438,-11.8753569242403
1.39409395442307,-0.831881569106438,-10.717898089048
1.269266591963,-0.831881569106438,-9.56832973434016
1.16495625068835,-0.831881569106438,-8.43454234060109
1.07648870210123,-0.831881569106438,-7.32442638831524
1.00050935927108,-0.831881569106438,-6.24587235796697
0.93454827345429,-0.831881569106438,-5.2067707300407
0.876746560196146,-0.831881569106438,-4.21501198502083
0.825678435087975,-0.831881569106438,-3.27848660339176
0.78023202182242,-0.831881569106438,-2.40508506563788
0.739527469571637,-0.831881569106438,-1.6026978522436
0.702859430314095,-0.831881569106438,-0.879215443693306
0.669655840638388,-0.831881569106438,-0.24252832047141
0.63944785959241,-0.831881569106438,0.300480646785017
0.61184759190609,-0.831881569106438,0.749916131084806
0.586531341654807,-0.831881569106438,1.10884352419123
0.563226858187451,-0.831881569106438,1.38033888489291
0.54170350638638,-0.831881569106438,1.56747827197848
0.521764607792301,-0.831881569106438,1.67333774423656
0.503241413118081,-0.831881569106438,1.70099336045577
0.485988314638417,-0.831881569106438,1.65352117942474
0.469879010763755,-0.831881569106438,1.5339972599321
0.45480340894924,-0.831881569106438,1.34549766076646
0.440665106272315,-0.831881569106438,1.09257518066821
0.427379325764472,-0.831881569106438,0.788655224722051
0.414871215127282,-0.831881569106438,0.450461434212131
0.403074435702422,-0.831881569106438,0.0947229524062854
0.391929985519857,-0.831881569106438,-0.261831077427655
0.381385212339494,-0.831881569106438,-0.602471512021857
0.371392981841731,-0.831881569106438,-0.91046920810849
0.361910973239214,-0.831881569106438,-1.16909502241972
0.352901080104469,-0.831881569106438,-1.36161981168773
0.344328898523097,-0.831881569106438,-1.47131443264467
0.336163288076316,-0.831881569106438,-1.48144974202271
0.328375993843104,-0.831881569106438,-1.37529659655403
0.320941319751235,-0.831881569106438,-1.13612585297079
0.313835845319355,-0.831881569106438,-0.747208368005165
0.307038179211149,-0.831881569106438,-0.192479636470973
0.300528744138513,-0.831881569106438,0.52929086984242
0.294289588557952,-0.831881569106438,1.40474692619393
0.288304221345691,-0.831881569106438,2.41991711894372
0.282557466245279,-0.831881569106438,3.56083003445197
0.277035333382705,-0.831881569106438,4.81351425907885
0.271724905558922,-0.831881569106438,6.16399837918453
0.26661423737418,-0.831881569106438,7.59831098112919
0.261692265525976,-0.831881569106438,9.10248065127298
0.256948728862854,-0.831881569106438,10.6625359759761
0.252374096978216,-0.831881569106438,12.2645055415987
0.247959506298464,-0.831881569106438,13.8944179345009
0.243696702763601,-0.831881569106438,15.538301741043
1.5461518941249,-0.704011357679146,-12.11350058691
1.39409395442307,-0.704011357679146,-10.9354760391057
1.269266591963,-0.704011357679146,-9.7654211530601
1.16495625068835,-0.704011357679146,-8.61130559053167
1.07648870210123,-0.704011357679146,-7.48109901327908
1.00050935927108,-0.704011357679146,-6.38277108306092
0.93454827345429,-0.704011357679146,-5.32429146163581
0.876746560196146,-0.704011357679146,-4.31362981076236
0.825678435087975,-0.704011357679146,-3.35875579219918
0.78023202182242,-0.704011357679146,-2.46763906770488
0.739527469571637,-0.704011357679146,-1.64824929903806
0.702859430314095,-0.704011357679146,-0.908556147957343
0.669655840638388,-0.704011357679146,-0.256529276221334
0.63944785959241,-0.704011357679146,0.300863855167248
0.61184759190609,-0.704011357679146,0.763605818040664
0.586531341654807,-0.704011357679146,1.13462400913692
0.563226858187451,-0.704011357679146,1.41685643495624
0.54170350638638,-0.704011357679146,1.61324110199884
0.521764607792301,-0.704011357679146,1.72671601676491
0.503241413118081,-0.704011357679146,1.76021918575469
0.485988314638417,-0.704011357679146,1.71668861546838
0.469879010763755,-0.704011357679146,1.59906231240619
0.45480340894924,-0.704011357679146,1.41027828306834
0.440665106272315,-0.704011357679146,1.1548189553965
0.427379325764472,-0.704011357679146,0.846446010232322
0.414871215127282,-0.704011357679146,0.502370528360469
0.403074435702422,-0.704011357679146,0.13980934471451
0.391929985519857,-0.704011357679146,-0.224020705771994
0.381385212339494,-0.704011357679146,-0.571902788165476
0.371392981841731,-0.704011357679146,-0.886620067532372
0.361910973239214,-0.704011357679146,-1.15095570893912
0.352901080104469,-0.704011357679146,-1.34769287745215
0.344328898523097,-0.704011357679146,-1.45961473813791
0.336163288076316,-0.704011357679146,-1.46950445606282
0.328375993843104,-0.704011357679146,-1.36014519629333
0.320941319751235,-0.704011357679146,-1.11432012389587
0.313835845319355,-0.704011357679146,-0.714812403936873
0.307038179211149,-0.704011357679146,-0.145088471685873
0.300528744138513,-0.704011357679146,0.596135412546623
0.294289588557952,-0.704011357679146,1.49514731798383
0.288304221345691,-0.704011357679146,2.53760287906168
0.282557466245279,-0.704011357679146,3.7091577302161
0.277035333382705,-0.704011357679146,4.99546750588304
0.271724905558922,-0.704011357679146,6.38218784049844
0.26661423737418,-0.704011357679146,7.85497436849822
0.261692265525976,-0.704011357679146,9.39948272431833
0.256948728862854,-0.704011357679146,11.0013685423947
0.252374096978216,-0.704011357679146,12.6462874571632
0.247959506298464,-0.704011357679146,14.3198951030599
0.243696702763601,-0.704011357679146,16.0078471145207
1.5461518941249,-0.576141146251854,-12.3417871198844
1.39409395442307,-0.576141146251854,-11.143819580372
1.269266591963,-0.576141146251854,-9.95389965566484
1.16495625068835,-0.576141146251854,-8.78007496056803
1.07648870210123,-0.576141146251854,-7.63039310988674
1.00050935927108,-0.576141146251854,-6.51290171842617
0.93454827345429,-0.576141146251854,-5.43564840099149
0.876746560196146,-0.576141146251854,-4.40668077238787
0.825678435087975,-0.576141146251854,-3.43404644742049
0.78023202182242,-0.576141146251854,-2.52579304089454
0.739527469571637,-0.576141146251854,-1.68996816761519
0.702859430314095,-0.576141146251854,-0.934619442387608
0.669655840638388,-0.576141146251854,-0.267794480016986
0.63944785959241,-0.576141146251854,0.303456428959902
0.61184759190609,-0.576141146251854,0.778999209516746
0.586531341654807,-0.576141146251854,1.1616302826655
0.563226858187451,-0.576141146251854,1.45415662755558
0.54170350638638,-0.576141146251854,1.65938522333638
0.521764607792301,-0.576141146251854,1.7801230491573
0.503241413118081,-0.576141146251854,1.81917708416775
0.485988314638417,-0.576141146251854,1.77935430751713
0.469879010763755,-0.576141146251854,1.66346169835484
0.45480340894924,-0.576141146251854,1.47430623583028
0.440665106272315,-0.576141146251854,1.21630446288395
0.427379325764472,-0.576141146251854,0.903543566151893
0.414871215127282,-0.576141146251854,0.553705624894822
0.403074435702422,-0.576141146251854,0.184478715227324
0.391929985519857,-0.576141146251854,-0.186449086736016
0.381385212339494,-0.576141146251854,-0.541389704880609
0.371392981841731,-0.576141146251854,-0.862655063091867
0.361910973239214,-0.576141146251854,-1.13255708525521
0.352901080104469,-0.576141146251854,-1.33340769525604
0.344328898523097,-0.576141146251854,-1.44751881697978
0.336163288076316,-0.576141146251854,-1.45720237431184
0.328375993843104,-0.576141146251854,-1.34477029113763
0.320941319751235,-0.576141146251854,-1.09253449134256
0.313835845319355,-0.576141146251854,-0.682806898812059
0.307038179211149,-0.576141146251854,-0.0986007216601733
0.300528744138513,-0.576141146251854,0.661418954100093
0.294289588557952,-0.576141146251854,1.58319601977053
0.288304221345691,-0.576141146251854,2.65202525808658
0.282557466245279,-0.576141146251854,3.85320145178367
0.277035333382705,-0.576141146251854,5.17201938359726
0.271724905558922,-0.576141146251854,6.59377383626277
0.26661423737418,-0.576141146251854,8.10375959251566
0.261692265525976,-0.576141146251854,9.68727143509134
0.256948728862854,-0.576141146251854,11.3296041467253
0.252374096978216,-0.576141146251854,13.0160525101529
0.247959506298464,-0.576141146251854,14.7319113081096
0.243696702763601,-0.576141146251854,16.4624753233309
1.5461518941249,-0.448270934824563,-12.5651471171509
1.39409395442307,-0.448270934824563,-11.3475384670849
1.269266591963,-0.448270934824563,-10.1380554280192
1.16495625068835,-0.448270934824563,-8.94482361095417
1.07648870210123,-0.448270934824563,-7.77596862689029
1.00050935927108,-0.448270934824563,-6.63961608682787
0.93454827345429,-0.448270934824563,-5.54389160176728
0.876746560196146,-0.448270934824563,-4.49692078270888
0.825678435087975,-0.448270934824563,-3.50682924065304
0.78023202182242,-0.448270934824563,-2.58174258660013
0.739527469571637,-0.448270934824563,-1.7297864315505
0.702859430314095,-0.448270934824563,-0.959086386504534
0.669655840638388,-0.448270934824563,-0.277768062462589
0.63944785959241,-0.448270934824563,0.307035927461112
0.61184759190609,-0.448270934824563,0.795079183192201
0.586531341654807,-0.448270934824563,1.18903308823339
0.563226858187451,-0.448270934824563,1.49157953842373
0.54170350638638,-0.448270934824563,1.70540042960231
0.521764607792301,-0.448270934824563,1.83317765760817
0.503241413118081,-0.448270934824563,1.87759311828038
0.485988314638417,-0.448270934824563,1.841328707458
0.469879010763755,-0.448270934824563,1.7270663209801
0.45480340894924,-0.448270934824563,1.53748785468575
0.440665106272315,-0.448270934824563,1.27694805069048
0.427379325764472,-0.448270934824563,0.959852511092564
0.414871215127282,-0.448270934824563,0.604343069368489
0.403074435702422,-0.448270934824563,0.228567791624203
0.391929985519857,-0.448270934824563,-0.149325256034352
0.381385212339494,-0.448270934824563,-0.51118800750123
0.371392981841731,-0.448270934824563,-0.838872396670488
0.361910973239214,-0.448270934824563,-1.11423035743618
0.352901080104469,-0.448270934824563,-1.31911382369237
0.344328898523097,-0.448270934824563,-1.4353747293331
0.336163288076316,-0.448270934824563,-1.44486500825243
0.328375993843104,-0.448270934824563,-1.32943659434442
0.320941319751235,-0.448270934824563,-1.07094142150313
0.313835845319355,-0.448270934824563,-0.651231423622605
0.307038179211149,-0.448270934824563,-0.052877411120517
0.300528744138513,-0.448270934824563,0.725505287382505
0.294289588557952,-0.448270934824563,1.66952422404541
0.288304221345691,-0.448270934824563,2.76412155903549
0.282557466245279,-0.448270934824563,3.99423945252002
0.277035333382705,-0.448270934824563,5.34482006466628
0.271724905558922,-0.448270934824563,6.80080555564156
0.26661423737418,-0.448270934824563,8.34713808561315
0.261692265525976,-0.448270934824563,9.96875981474833
0.256948728862854,-0.448270934824563,11.6506129032144
0.252374096978216,-0.448270934824563,13.3776395111786
0.247959506298464,-0.448270934824563,15.1347817988082
0.243696702763601,-0.448270934824563,16.9069819262705
1.5461518941249,-0.320400723397271,-12.7883202308102
1.39409395442307,-0.320400723397271,-11.5510639392738
1.269266591963,-0.320400723397271,-10.3220125200218
1.16495625068835,-0.320400723397271,-9.10937084533865
1.07648870210123,-0.320400723397271,-7.92134378750874
1.00050935927108,-0.320400723397271,-6.76613621881649
0.93454827345429,-0.320400723397271,-5.65195301154631
0.876746560196146,-0.320400723397271,-4.58699903798263
0.825678435087975,-0.320400723397271,-3.57947917040985
0.78023202182242,-0.320400723397271,-2.6375982811124
0.739527469571637,-0.320400723397271,-1.76956124237468
0.702859430314095,-0.320400723397271,-0.983572926481118
0.669655840638388,-0.320400723397271,-0.287838205716124
0.63944785959241,-0.320400723397271,0.31042728598179
0.61184759190609,-0.320400723397271,0.810868056162983
0.586531341654807,-0.320400723397271,1.21603534907864
0.563226858187451,-0.320400723397271,1.52849088151605
0.54170350638638,-0.320400723397271,1.75079637026253
0.521764607792301,-0.320400723397271,1.88551353210537
0.503241413118081,-0.320400723397271,1.93520408383187
0.485988314638417,-0.320400723397271,1.90242974222933
0.469879010763755,-0.320400723397271,1.78975222408505
0.45480340894924,-0.320400723397271,1.59973324618634
0.440665106272315,-0.320400723397271,1.33666944736897
0.427379325764472,-0.320400723397271,1.01528129251621
0.414871215127282,-0.320400723397271,0.654164121499827
0.403074435702422,-0.320400723397271,0.271919738100656
0.391929985519857,-0.320400723397271,-0.112850053900452
0.381385212339494,-0.320400723397271,-0.481543450722647
0.371392981841731,-0.320400723397271,-0.815558648585084
0.361910973239214,-0.320400723397271,-1.09629384370692
0.352901080104469,-0.320400723397271,-1.30514723230729
0.344328898523097,-0.320400723397271,-1.42351701060537
0.336163288076316,-0.320400723397271,-1.4328013748203
0.328375993843104,-0.320400723397271,-1.31439852117124
0.320941319751235,-0.320400723397271,-1.04970664587733
0.313835845319355,-0.320400723397271,-0.620123945157734
0.307038179211149,-0.320400723397271,-0.00778485111493931
0.300528744138513,-0.320400723397271,0.78874424449496
0.294289588557952,-0.320400723397271,1.75473884636919
0.288304221345691,-0.320400723397271,2.87479299939282
0.282557466245279,-0.320400723397271,4.1335007484509
0.277035333382705,-0.320400723397271,5.5154561384285
0.271724905558922,-0.320400723397271,7.00525321421067
0.26661423737418,-0.320400723397271,8.5874860206825
0.261692265525976,-0.320400723397271,10.246748602729
0.256948728862854,-0.320400723397271,11.9676350052353
0.252374096978216,-0.320400723397271,13.7347392730864
0.247959506298464,-0.320400723397271,15.5326554511673
0.243696702763601,-0.320400723397271,17.3459775843632
1.5461518941249,-0.19253051196998,-13.013346531014
1.39409395442307,-0.19253051196998,-11.7563033605039
1.269266591963,-0.19253051196998,-10.5075461116531
1.16495625068835,-0.19253051196998,-9.27536070612095
1.07648870210123,-0.19253051196998,-8.06803306556672
1.00050935927108,-0.19253051196998,-6.89384911164975
0.93454827345429,-0.19253051196998,-5.76109476602934
0.876746560196146,-0.19253051196998,-4.6780559503648
0.825678435087975,-0.19253051196998,-3.65301858631547
0.78023202182242,-0.19253051196998,-2.69426859554063
0.739527469571637,-0.19253051196998,-1.81009189969961
0.702859430314095,-0.19253051196998,-1.00877442045173
0.669655840638388,-0.19253051196998,-0.298602079456286
0.63944785959241,-0.19253051196998,0.313125253202935
0.61184759190609,-0.19253051196998,0.825945749407995
0.586531341654807,-0.19253051196998,1.24229495386863
0.563226858187451,-0.19253051196998,1.56461885009406
0.54170350638638,-0.19253051196998,1.79536342159352
0.521764607792301,-0.19253051196998,1.93697465187622
0.503241413118081,-0.19253051196998,1.9918985244514
0.485988314638417,-0.19253051196998,1.96258102282827
0.469879010763755,-0.19253051196998,1.85146813051605
0.45480340894924,-0.19253051196998,1.66100583102398
0.440665106272315,-0.19253051196998,1.39543618275706
0.427379325764472,-0.19253051196998,1.06979249108049
0.414871215127282,-0.19253051196998,0.703119518644944
0.403074435702422,-0.19253051196998,0.314468719851238
0.391929985519857,-0.19253051196998,-0.0771084508998225
0.381385212339494,-0.19253051196998,-0.452560539207428
0.371392981841731,-0.19253051196998,-0.792836090670769
0.361910973239214,-0.19253051196998,-1.07888365088904
0.352901080104469,-0.19253051196998,-1.29165176546143
0.344328898523097,-0.19253051196998,-1.41208897998713
0.336163288076316,-0.19253051196998,-1.42114384006533
0.328375993843104,-0.19253051196998,-1.29976489129523
0.320941319751235,-0.19253051196998,-1.02890067927601
0.313835845319355,-0.19253051196998,-0.589499749606868
0.307038179211149,-0.19253051196998,0.0367359080356831
0.300528744138513,-0.19253051196998,0.851288276720796
0.294289588557952,-0.19253051196998,1.8391035692658
0.288304221345691,-0.19253051196998,2.98443061077434
0.282557466245279,-0.19253051196998,4.27151822635007
0.277035333382705,-0.19253051196998,5.68461524109662
0.271724905558922,-0.19253051196998,7.20797048011766
0.26661423737418,-0.19253051196998,8.82583276851682
0.261692265525976,-0.19253051196998,10.5224509313977
0.256948728862854,-0.19253051196998,12.2820737938641
0.252374096978216,-0.19253051196998,14.0889501810195
0.247959506298464,-0.19253051196998,15.9273289179676
0.243696702763601,-0.19253051196998,17.7814588298121
1.5461518941249,-0.0646603005426885,-13.2402656501167
1.39409395442307,-0.0646603005426885,-11.9632938574029
1.269266591963,-0.0646603005426885,-10.6946908288906
1.16495625068835,-0.0646603005426885,-9.44282532878129
1.07648870210123,-0.0646603005426885,-8.21606612127641
1.00050935927108,-0.0646603005426885,-7.02278197057744
0.93454827345429,-0.0646603005426885,-5.87134164088587
0.876746560196146,-0.0646603005426885,-4.7701138964032
0.825678435087975,-0.0646603005426885,-3.72746750133089
0.78023202182242,-0.0646603005426885,-2.75177121987042
0.739527469571637,-0.0646603005426885,-1.85139381622329
0.702859430314095,-0.0646603005426885,-1.03470405459097
0.669655840638388,-0.0646603005426885,-0.310070699174935
0.63944785959241,-0.0646603005426885,0.315120921316621
0.61184759190609,-0.0646603005426885,0.840305378209826
0.586531341654807,-0.0646603005426885,1.26780692867153
0.563226858187451,-0.0646603005426885,1.599960240973
0.54170350638638,-0.0646603005426885,1.8390999833855
0.521764607792301,-0.0646603005426885,1.98756082418032
0.503241413118081,-0.0646603005426885,2.04767743162872
0.485988314638417,-0.0646603005426885,2.02178447400196
0.469879010763755,-0.0646603005426885,1.91221661957133
0.45480340894924,-0.0646603005426885,1.7213085366081
0.440665106272315,-0.0646603005426885,1.45325120828678
0.427379325764472,-0.0646603005426885,1.12338880109505
0.414871215127282,-0.0646603005426885,0.751211482313903
0.403074435702422,-0.0646603005426885,0.356216335414471
0.391929985519857,-0.0646603005426885,-0.0420995561321083
0.381385212339494,-0.0646603005426885,-0.424239108854696
0.371392981841731,-0.0646603005426885,-0.770705239282154
0.361910973239214,-0.0646603005426885,-1.06200086394335
0.352901080104469,-0.0646603005426885,-1.27862889936714
0.344328898523097,-0.0646603005426885,-1.40109226208239
0.336163288076316,-0.0646603005426885,-1.40989386861797
0.328375993843104,-0.0646603005426885,-1.28553663550274
0.320941319751235,-0.0646603005426885,-1.00852347926555
0.313835845319355,-0.0646603005426885,-0.559357316435282
0.307038179211149,-0.0646603005426885,0.0806884328921945
0.300528744138513,-0.0646603005426885,0.913143572679021
0.294289588557952,-0.0646603005426885,1.92262773353024
0.288304221345691,-0.0646603005426885,3.09304736807636
0.282557466245279,-0.0646603005426885,4.40830892894789
0.277035333382705,-0.0646603005426885,5.85231886877534
0.271724905558922,-0.0646603005426885,7.40898364018922
0.26661423737418,-0.0646603005426885,9.06220969582006
0.261692265525976,-0.0646603005426885,10.7959034882983
0.256948728862854,-0.0646603005426885,12.5939714702546
0.252374096978216,-0.0646603005426885,14.4403200943193
0.247959506298464,-0.0646603005426885,16.318855813123
0.243696702763601,-0.0646603005426885,18.2134850792961
1.5461518941249,0.0632099108846029,-13.4690700571987
1.39409395442307,0.0632099108846029,-12.1720284630021
1.269266591963,0.0632099108846029,-10.8834402615821
1.16495625068835,0.0632099108846029,-9.61175884571497
1.07648870210123,0.0632099108846029,-8.36543760817731
1.00050935927108,0.0632099108846029,-7.15292994174558
0.93454827345429,0.0632099108846029,-5.98268923919625
0.876746560196146,0.0632099108846029,-4.8631688933058
0.825678435087975,0.0632099108846029,-3.80282229685073
0.78023202182242,0.0632099108846029,-2.81010284260751
0.739527469571637,0.0632099108846029,-1.89346392335262
0.702859430314095,0.0632099108846029,-1.06135893186254
0.669655840638388,0.0632099108846029,-0.322241260913756
0.63944785959241,0.0632099108846029,0.316417084545846
0.61184759190609,0.0632099108846029,0.853949799516694
0.586531341654807,0.0632099108846029,1.29257424806737
0.563226858187451,0.0632099108846029,1.63451818369335
0.54170350638638,0.0632099108846029,1.88200935989011
0.521764607792301,0.0632099108846029,2.03727553015312
0.503241413118081,0.0632099108846029,2.10254444797788
0.485988314638417,0.0632099108846029,2.08004386685984
0.469879010763755,0.0632099108846029,1.9720015402945
0.45480340894924,0.0632099108846029,1.78064522177732
0.440665106272315,0.0632099108846029,1.51011831050656
0.427379325764472,0.0632099108846029,1.17607386260815
0.414871215127282,0.0632099108846029,0.7984434478317
0.403074435702422,0.0632099108846029,0.397165773169505
0.391929985519857,0.0632099108846029,-0.00782045438614729
0.381385212339494,0.0632099108846029,-0.396576527842968
0.371392981841731,0.0632099108846029,-0.749163740208667
0.361910973239214,0.0632099108846029,-1.04564338449096
0.352901080104469,0.0632099108846029,-1.26607675369755
0.344328898523097,0.0632099108846029,-1.39052514083615
0.336163288076316,0.0632099108846029,-1.39904983891448
0.328375993843104,0.0632099108846029,-1.27171214094024
0.320941319751235,0.0632099108846029,-0.98857333992115
0.313835845319355,0.0632099108846029,-0.529694728864916
0.307038179211149,0.0632099108846029,0.124074984276682
0.300528744138513,0.0632099108846029,0.974312872630443
0.294289588557952,0.0632099108846029,2.00531468347583
0.288304221345691,0.0632099108846029,3.20064733294997
0.282557466245279,0.0632099108846029,4.54387773719
0.277035333382705,0.0632099108846029,6.01857281233302
0.271724905558922,0.0632099108846029,7.60829947451617
0.26661423737418,0.0632099108846029,9.29662463987658
0.261692265525976,0.0632099108846029,11.0671152245514
0.256948728862854,0.0632099108846029,12.9033381446776
0.252374096978216,0.0632099108846029,14.7888603163925
0.247959506298464,0.0632099108846029,16.7072486558332
0.243696702763601,0.0632099108846029,18.6420700791367
1.5461518941249,0.191080122311894,-13.6997522213404
1.39409395442307,0.191080122311894,-12.3825002103329
1.269266591963,0.191080122311894,-11.0737879995752
1.16495625068835,0.191080122311894,-9.78215538931727
1.07648870210123,0.191080122311894,-8.51614217980898
1.00050935927108,0.191080122311894,-7.2842881713002
0.93454827345429,0.191080122311894,-6.09513316404079
0.876746560196146,0.191080122311894,-4.95721695828065
0.825678435087975,0.191080122311894,-3.87907935426964
0.78023202182242,0.191080122311894,-2.86926015225764
0.739527469571637,0.191080122311894,-1.93629915249452
0.702859430314095,0.191080122311894,-1.08873615523016
0.669655840638388,0.191080122311894,-0.335110960714449
0.63944785959241,0.191080122311894,0.317016537113596
0.61184759190609,0.191080122311894,0.8668818702768
0.586531341654807,0.191080122311894,1.31659988663617
0.563226858187451,0.191080122311894,1.6682958077956
0.54170350638638,0.191080122311894,1.92409485535895
0.521764607792301,0.191080122311894,2.08612225093009
0.503241413118081,0.191080122311894,2.15650321611292
0.485988314638417,0.191080122311894,2.1373629725113
0.469879010763755,0.191080122311894,2.03082674172911
0.45480340894924,0.191080122311894,1.83901974537023
0.440665106272315,0.191080122311894,1.56604127596479
0.427379325764472,0.191080122311894,1.22785131566799
0.414871215127282,0.191080122311894,0.844818850523309
0.403074435702422,0.191080122311894,0.437320221495474
0.391929985519857,0.191080122311894,0.0257317695492052
0.381385212339494,0.191080122311894,-0.369570164350775
0.371392981841731,0.191080122311894,-0.728209239239746
0.361910973239214,0.191080122311894,-1.02980911415299
0.352901080104469,0.191080122311894,-1.25399344812578
0.344328898523097,0.191080122311894,-1.38038590019339
0.336163288076316,0.191080122311894,-1.38861012939112
0.328375993843104,0.191080122311894,-1.25828979475423
0.320941319751235,0.191080122311894,-0.969048555318002
0.313835845319355,0.191080122311894,-0.500510070117719
0.307038179211149,0.191080122311894,0.16689782301122
0.300528744138513,0.191080122311894,1.03479891683586
0.294289588557952,0.191080122311894,2.08716776341589
0.288304221345691,0.191080122311894,3.30723456704628
0.282557466245279,0.191080122311894,4.678229532022
0.277035333382705,0.191080122311894,6.18338286263801
0.271724905558922,0.191080122311894,7.80592476318926
0.26661423737418,0.191080122311894,9.52908543797075
0.261692265525976,0.191080122311894,11.3360950912774
0.256948728862854,0.191080122311894,13.2101839274042
0.252374096978216,0.191080122311894,15.1345821506461
0.247959506298464,0.191080122311894,17.0925199652981
0.243696702763601,0.191080122311894,19.0672275756551
1.5461518941249,0.318950333739186,-13.9323046116223
1.39409395442307,0.318950333739186,-12.5947021324264
1.269266591963,0.318950333739186,-11.2657276327177
1.16495625068835,0.318950333739186,-9.95400909198349
1.07648870210123,0.318950333739186,-8.66817448971096
1.00050935927108,0.318950333739186,-7.41685180538734
0.93454827345429,0.318950333739186,-6.20866901849985
0.876746560196146,0.318950333739186,-5.05225410853574
0.825678435087975,0.318950333739186,-3.95623505498222
0.78023202182242,0.318950333739186,-2.92923983732653
0.739527469571637,0.318950333739186,-1.9798964350559
0.702859430314095,0.318950333739186,-1.11683282765754
0.669655840638388,0.318950333739186,-0.3486769946187
0.63944785959241,0.318950333739186,0.31692207324287
0.61184759190609,0.318950333739186,0.879104447438358
0.586531341654807,0.318950333739186,1.33988681895798
0.563226858187451,0.318950333739186,1.70129624282024
0.54170350638638,0.318950333739186,1.96535977404365
0.521764607792301,0.318950333739186,2.1341044676467
0.503241413118081,0.318950333739186,2.2095573786479
0.485988314638417,0.318950333739186,2.19374556206576
0.469879010763755,0.318950333739186,2.08869607291877
0.45480340894924,0.318950333739186,1.89643596622545
0.440665106272315,0.318950333739186,1.6210238912099
0.427379325764472,0.318950333739186,1.27872480032281
0.414871215127282,0.318950333739186,0.890341125713726
0.403074435702422,0.318950333739186,0.476682868771529
0.391929985519857,0.318950333739186,0.0585600308851113
0.381385212339494,0.318950333739186,-0.343217386556637
0.371392981841731,0.318950333739186,-0.707839382164823
0.361910973239214,0.318950333739186,-1.01449595455056
0.352901080104469,0.318950333739186,-1.24237710232495
0.344328898523097,0.318950333739186,-1.37067282409911
0.336163288076316,0.318950333739186,-1.37857311848415
0.328375993843104,0.318950333739186,-1.24526798409118
0.320941319751235,0.318950333739186,-0.949947419531305
0.313835845319355,0.318950333739186,-0.471801423415635
0.307038179211149,0.318950333739186,0.209159209917896
0.300528744138513,0.318950333739186,1.09460444555607
0.294289588557952,0.318950333739186,2.16819031766373
0.288304221345691,0.318950333739186,3.41281313201638
0.282557466245279,0.318950333739186,4.81136919438953
0.277035333382705,0.318950333739186,6.34675481055868
0.271724905558922,0.318950333739186,8.00186628629931
0.26661423737418,0.318950333739186,9.75959992738696
0.261692265525976,0.318950333739186,11.6028520395971
0.256948728862854,0.318950333739186,13.5145189287052
0.252374096978216,0.318950333739186,15.4774969004868
0.247959506298464,0.318950333739186,17.4746822607175
0.243696702763601,0.318950333739186,19.4889713151726
1.5461518941249,0.446820545166478,-14.1667196971248
1.39409395442307,0.446820545166478,-12.808627262314
1.269266591963,0.446820545166478,-11.4592527508574
1.16495625068835,0.446820545166478,-10.1273140861089
1.07648870210123,0.446820545166478,-8.82152919142277
1.00050935927108,0.446820545166478,-7.55061599015301
0.93454827345429,0.446820545166478,-6.32329240565374
0.876746560196146,0.446820545166478,-5.14827636127908
0.825678435087975,0.446820545166478,-4.03428578038311
0.78023202182242,0.446820545166478,-2.99003858631994
0.739527469571637,0.446820545166478,-2.02425270244366
0.702859430314095,0.446820545166478,-1.14564605210838
0.669655840638388,0.446820545166478,-0.362936558668199
0.63944785959241,0.446820545166478,0.316136487156662
0.61184759190609,0.446820545166478,0.89062038794958
0.586531341654807,0.446820545166478,1.36243801961282
0.563226858187451,0.446820545166478,1.73352261830778
0.54170350638638,0.446820545166478,2.00580742019584
0.521764607792301,0.446820545166478,2.18122566143841
0.503241413118081,0.446820545166478,2.26171057819688
0.485988314638417,0.446820545166478,2.24919540663263
0.469879010763755,0.446820545166478,2.14561338290707
0.45480340894924,0.446820545166478,1.95289774318159
0.440665106272315,0.446820545166478,1.67506994279029
0.427379325764472,0.446820545166478,1.32869795662085
0.414871215127282,0.446820545166478,0.935013708727939
0.403074435702422,0.446820545166478,0.515256903376813
0.391929985519857,0.446820545166478,0.0906672448327217
0.381385212339494,0.446820545166478,-0.317515562639077
0.371392981841731,0.446820545166478,-0.688051814773332
0.361910973239214,0.446820545166478,-0.999701807304791
0.352901080104469,0.446820545166478,-1.2312258359682
0.344328898523097,0.446820545166478,-1.3613841964983
0.336163288076316,0.446820545166478,-1.36893718462985
0.328375993843104,0.446820545166478,-1.23264509609758
0.320941319751235,0.446820545166478,-0.931268226636252
0.313835845319355,0.446820545166478,-0.443566871980605
0.307038179211149,0.446820545166478,0.250861405818791
0.300528744138513,0.446820545166478,1.15373219905188
0.294289588557952,0.446820545166478,2.24838569053267
0.288304221345691,0.446820545166478,3.51738708951138
0.282557466245279,0.446820545166478,4.94330160523822
0.277035333382705,0.446820545166478,6.50869444696339
0.271724905558922,0.446820545166478,8.1961308239371
0.26661423737418,0.446820545166478,9.98817594540957
0.261692265525976,0.446820545166478,11.867395020631
0.256948728862854,0.446820545166478,13.8163532588516
0.252374096978216,0.446820545166478,15.8176158693216
0.247959506298464,0.446820545166478,17.8537480612911
0.243696702763601,0.446820545166478,19.9073150440104
1.5461518941249,0.574690756593769,-14.4029899469283
1.39409395442307,0.574690756593769,-13.0242686330271
1.269266591963,0.574690756593769,-11.6543569438419
1.16495625068835,0.574690756593769,-10.3020645040888
1.07648870210123,0.574690756593769,-8.97620093848394
1.00050935927108,0.574690756593769,-7.68557587174324
0.93454827345429,0.574690756593769,-6.4389989285828
0.876746560196146,0.574690756593769,-5.24527973371868
0.825678435087975,0.574690756593769,-4.11322791186692
0.78023202182242,0.574690756593769,-3.05165308774359
0.739527469571637,0.574690756593769,-2.06936488606473
0.702859430314095,0.574690756593769,-1.17517293154639
0.669655840638388,0.574690756593769,-0.377886848904638
0.63944785959241,0.574690756593769,0.314662573077966
0.61184759190609,0.574690756593769,0.901432548758675
0.586531341654807,0.574690756593769,1.38425646318072
0.563226858187451,0.574690756593769,1.76497806379868
0.54170350638638,0.574690756593769,2.04544109806715
0.521764607792301,0.574690756593769,2.22748931344069
0.503241413118081,0.574690756593769,2.31296645737389
0.485988314638417,0.574690756593769,2.30371627732133
0.469879010763755,0.574690756593769,2.20158252073759
0.45480340894924,0.574690756593769,2.00840893507726
0.440665106272315,0.574690756593769,1.72818321725437
0.427379325764472,0.574690756593769,1.37777442461032
0.414871215127282,0.574690756593769,0.978840034890933
0.403074435702422,0.574690756593769,0.553045513690469
0.391929985519857,0.574690756593769,0.122056326603195
0.381385212339494,0.574690756593769,-0.292462060776617
0.371392981841731,0.574690756593769,-0.668844182854704
0.361910973239214,0.574690756593769,-0.9854245740368
0.352901080104469,0.574690756593769,-1.22053776872863
0.344328898523097,0.574690756593769,-1.35251830133594
0.336163288076316,0.574690756593769,-1.35970070626446
0.328375993843104,0.574690756593769,-1.22041951791991
0.320941319751235,0.574690756593769,-0.91300927070804
0.313835845319355,0.574690756593769,-0.415804499034575
0.307038179211149,0.574690756593769,0.292006671535988
0.300528744138513,0.574690756593769,1.21218491758409
0.294289588557952,0.574690756593769,2.32775722633603
0.288304221345691,0.574690756593769,3.62096050118237
0.282557466245279,0.574690756593769,5.07403164551368
0.277035333382705,0.574690756593769,6.6692075627205
0.271724905558922,0.574690756593769,8.38872515619341
0.26661423737418,0.574690756593769,10.214821329323
0.261692265525976,0.574690756593769,12.1297329854997
0.256948728862854,0.574690756593769,14.1156970281142
0.252374096978216,0.574690756593769,16.1549503605571
0.247959506298464,0.574690756593769,18.2297298862188
0.243696702763601,0.574690756593769,20.3222725084899
1.5461518941249,0.702560968021061,-14.6411078301133
1.39409395442307,0.702560968021061,-13.2416192775969
1.269266591963,0.702560968021061,-11.8510338015191
1.16495625068835,0.702560968021061,-10.4782544783186
1.07648870210123,0.702560968021061,-9.13218438443402
1.00050935927108,0.702560968021061,-7.82172659630407
0.93454827345429,0.702560968021061,-6.55578419036736
0.876746560196146,0.702560968021061,-5.34326024306255
0.825678435087975,0.702560968021061,-4.19305783082829
0.78023202182242,0.702560968021061,-3.11408003010323
0.739527469571637,0.702560968021061,-2.11522991732601
0.702859430314095,0.702560968021061,-1.20541056893528
0.669655840638388,0.702560968021061,-0.393525061369707
0.63944785959241,0.702560968021061,0.312503125229773
0.61184759190609,0.702560968021061,0.911543786813854
0.586531341654807,0.702560968021061,1.40534512424172
0.563226858187451,0.702560968021061,1.79566570883346
0.54170350638638,0.702560968021061,2.08426411190919
0.521764607792301,0.702560968021061,2.27289890478899
0.503241413118081,0.702560968021061,2.36332865879299
0.485988314638417,0.702560968021061,2.35731194524126
0.469879010763755,0.702560968021061,2.25660733545393
0.45480340894924,0.702560968021061,2.06297340075107
0.440665106272315,0.702560968021061,1.78036750115056
0.427379325764472,0.702560968021061,1.42595784433947
0.414871215127282,0.702560968021061,1.0218235395277
0.403074435702422,0.702560968021061,0.590051888091644
0.391929985519857,0.702560968021061,0.152730191407687
0.381385212339494,0.702560968021061,-0.268054249147782
0.371392981841731,0.702560968021061,-0.650214132198374
0.361910973239214,0.702560968021061,-0.971662156367706
0.352901080104469,0.702560968021061,-1.21031102027939
0.344328898523097,0.702560968021061,-1.34407342255703
0.336163288076316,0.702560968021061,-1.35086206182425
0.328375993843104,0.702560968021061,-1.20858963670466
0.320941319751235,0.702560968021061,-0.895168845821867
0.313835845319355,0.702560968021061,-0.388512387799489
0.307038179211149,0.702560968021061,0.332597267891569
0.300528744138513,0.702560968021061,1.26996534141351
0.294289588557952,0.702560968021061,2.40630826938713
0.288304221345691,0.702560968021061,3.72353742868046
0.282557466245279,0.702560968021061,5.20356419616154
0.277035333382705,0.702560968021061,6.82829994869839
0.271724905558922,0.702560968021061,8.57965606315904
0.26661423737418,0.702560968021061,10.4395439164115
0.261692265525976,0.702560968021061,12.3898748853239
0.256948728862854,0.702560968021061,14.4125603467641
0.252374096978216,0.702560968021061,16.4895116776002
0.247959506298464,0.702560968021061,18.6026402547003
0.243696702763601,0.702560968021061,20.7338574549323
1.5461518941249,0.830431179448352,-14.8810658157602
1.39409395442307,0.830431179448352,-13.4606722290547
1.269266591963,0.830431179448352,-12.0492769137366
1.16495625068835,0.830431179448352,-10.6558781411934
1.07648870210123,0.830431179448352,-9.28947418281254
1.00050935927108,0.830431179448352,-7.95906330998151
0.93454827345429,0.830431179448352,-6.67364379408775
0.876746560196146,0.830431179448352,-5.44221390651871
0.825678435087975,0.830431179448352,-4.27377191866183
0.78023202182242,0.830431179448352,-3.17731610190459
0.739527469571637,0.830431179448352,-2.16184472763441
0.702859430314095,0.830431179448352,-1.23635606723876
0.669655840638388,0.830431179448352,-0.409848392105098
0.63944785959241,0.830431179448352,0.30966093783508
0.61184759190609,0.830431179448352,0.920956959063326
0.586531341654807,0.830431179448352,1.42570697737583
0.563226858187451,0.830431179448352,1.82558868295259
0.54170350638638,0.830431179448352,2.12227976597358
0.521764607792301,0.830431179448352,2.3174579166188
0.503241413118081,0.830431179448352,2.41280082506822
0.485988314638417,0.830431179448352,2.40998618150185
0.469879010763755,0.830431179448352,2.31069167609965
0.45480340894924,0.830431179448352,2.11659499904163
0.440665106272315,0.830431179448352,1.83162658102727
0.427379325764472,0.830431179448352,1.47325185585651
0.414871215127282,0.830431179448352,1.06396765796322
0.403074435702422,0.830431179448352,0.626279214959478
0.391929985519857,0.830431179448352,0.182691754457347
0.381385212339494,0.830431179448352,-0.244289495931093
0.371392981841731,0.830431179448352,-0.632159308593776
0.361910973239214,0.830431179448352,-0.95841245591863
0.352901080104469,0.830431179448352,-1.20054371029358
0.344328898523097,0.830431179448352,-1.33604784410656
0.336163288076316,0.830431179448352,-1.34241962974549
0.328375993843104,0.830431179448352,-1.1971538395983
0.320941319751235,0.830431179448352,-0.877745246052927
0.313835845319355,0.830431179448352,-0.361688621497293
0.307038179211149,0.830431179448352,0.372635455707615
0.300528744138513,0.830431179448352,1.32707621080093
0.294289588557952,0.830431179448352,2.48404216399927
0.288304221345691,0.830431179448352,3.82512193365675
0.282557466245279,0.830431179448352,5.33190413812743
0.277035333382705,0.830431179448352,6.98597739576541
0.271724905558922,0.830431179448352,8.76893032492477
0.26661423737418,0.830431179448352,10.6623515439596
0.261692265525976,0.830431179448352,12.647829671224
0.256948728862854,0.830431179448352,14.7069533250721
0.252374096978216,0.830431179448352,16.8213111238579
0.247959506298464,0.830431179448352,18.9724916859355
0.243696702763601,0.830431179448352,21.142083629659
1.5461518941249,0.958301390875643,-15.1228563729494
1.39409395442307,0.958301390875643,-13.6814205204318
1.269266591963,0.958301390875643,-12.2490798703421
1.16495625068835,0.958301390875643,-10.8349296251085
1.07648870210123,0.958301390875643,-9.44806498715902
1.00050935927108,0.958301390875643,-8.0975811589216
0.93454827345429,0.958301390875643,-6.7925733428243
0.876746560196146,0.958301390875643,-5.54213674129515
0.825678435087975,0.958301390875643,-4.35536655676218
0.78023202182242,0.958301390875643,-3.2413579916534
0.739527469571637,0.958301390875643,-2.20920624839684
0.702859430314095,0.958301390875643,-1.26800652942053
0.669655840638388,0.958301390875643,-0.426854037152499
0.63944785959241,0.958301390875643,0.30613880511688
0.61184759190609,0.958301390875643,0.929674922455304
0.586531341654807,0.958301390875643,1.44534499716311
0.563226858187451,0.958301390875643,1.85475011569657
0.54170350638638,0.958301390875643,2.15949136451196
0.521764607792301,0.958301390875643,2.36116983006556
0.503241413118081,0.958301390875643,2.46138659881365
0.485988314638417,0.958301390875643,2.46174275721249
0.469879010763755,0.958301390875643,2.36383939171836
0.45480340894924,0.958301390875643,2.16927758878755
0.440665106272315,0.958301390875643,1.88196424343291
0.427379325764472,0.958301390875643,1.51966009920968
0.414871215127282,0.958301390875643,1.10527582552249
0.403074435702422,0.958301390875643,0.661730682673121
0.391929985519857,0.958301390875643,0.211943930963339
0.381385212339494,0.958301390875643,-0.221165169305074
0.371392981841731,0.958301390875643,-0.614677357830341
0.361910973239214,0.958301390875643,-0.945673374310687
0.352901080104469,0.958301390875643,-1.19123395844433
0.344328898523097,0.958301390875643,-1.32843984992951
0.336163288076316,0.958301390875643,-1.33437178846443
0.328375993843104,0.958301390875643,-1.18611051374732
0.320941319751235,0.958301390875643,-0.860736765476416
0.313835845319355,0.958301390875643,-0.335331283349927
0.307038179211149,0.958301390875643,0.412123495806211
0.300528744138513,0.958301390875643,1.38352026600716
0.294289588557952,0.958301390875643,2.56096225448579
0.288304221345691,0.958301390875643,3.92571807776232
0.282557466245279,0.958301390875643,5.45905635235696
0.277035333382705,0.958301390875643,7.14224569478992
0.271724905558922,0.958301390875643,8.9565547215814
0.26661423737418,0.958301390875643,10.8832520492516
0.261692265525976,0.958301390875643,12.9036062943208
0.256948728862854,0.958301390875643,14.9988860733091
0.252374096978216,0.958301390875643,17.1503600027368
0.247959506298464,0.958301390875643,19.3392966991241
0.243696702763601,0.958301390875643,21.5469647789912
1.5461518941249,1.08617160230293,-15.3664719707614
1.39409395442307,1.08617160230293,-13.9038571847595
1.269266591963,1.08617160230293,-12.4504362611835
1.16495625068835,1.08617160230293,-11.0154030624594
1.07648870210123,1.08617160230293,-9.607951451013
1.00050935927108,1.08617160230293,-8.23727528927036
0.93454827345429,1.08617160230293,-6.91256843965734
0.876746560196146,1.08617160230293,-5.64302476459989
0.825678435087975,1.08617160230293,-4.43783812652394
0.78023202182242,1.08617160230293,-3.30620238785541
0.739527469571637,1.08617160230293,-2.25731141102022
0.702859430314095,1.08617160230293,-1.30035905844431
0.669655840638388,1.08617160230293,-0.444539192553604
0.63944785959241,1.08617160230293,0.301939521298167
0.61184759190609,1.08617160230293,0.937700533937996
0.586531341654807,1.08617160230293,1.46426215818357
0.563226858187451,1.08617160230293,1.88315313660589
0.54170350638638,1.08617160230293,2.19590221177595
0.521764607792301,1.08617160230293,2.40403812626475
0.503241413118081,1.08617160230293,2.50908962264331
0.485988314638417,1.08617160230293,2.5125854434826
0.469879010763755,1.08617160230293,2.41605433135365
0.45480340894924,1.08617160230293,2.22102502882744
0.440665106272315,1.08617160230293,1.93138427491589
0.427379325764472,1.08617160230293,1.56518621444721
0.414871215127282,1.08617160230293,1.1457514775305
0.403074435702422,1.08617160230293,0.696409479611712
0.391929985519857,1.08617160230293,0.24048963613681
0.381385212339494,1.08617160230293,-0.198678637448249
0.371392981841731,1.08617160230293,-0.597765925697503
0.361910973239214,1.08617160230293,-0.933442813165001
0.352901080104469,1.08617160230293,-1.18237988440478
0.344328898523097,1.08617160230293,-1.32124772397088
0.336163288076316,1.08617160230293,-1.32671691641734
0.328375993843104,1.08617160230293,-1.17545804629821
0.320941319751235,1.08617160230293,-0.844141698167531
0.313835845319355,1.08617160230293,-0.309438456579338
0.307038179211149,1.08617160230293,0.451063649009437
0.300528744138513,1.08617160230293,1.439300247293
0.294289588557952,1.08617160230293,2.63707188516
0.288304221345691,1.08617160230293,4.0253299226483
0.282557466245279,1.08617160230293,5.58502571979577
0.277035333382705,1.08617160230293,7.29711063664029
0.271724905558922,1.08617160230293,9.14253603321971
0.26661423737418,1.08617160230293,11.1022532695719
0.261692265525976,1.08617160230293,13.1572137057348
0.256948728862854,1.08617160230293,15.2883687017462
0.252374096978216,1.08617160230293,17.4766696176439
0.247959506298464,1.08617160230293,19.7030678134659
0.243696702763601,1.08617160230293,21.9485146492501
1.5461518941249,1.21404181373023,-15.6119050782766
1.39409395442307,1.21404181373023,-14.1279752550692
1.269266591963,1.21404181373023,-12.6533396761084
1.16495625068835,1.21404181373023,-11.1972925856411
1.07648870210123,1.21404181373023,-9.76912822791404
1.00050935927108,1.21404181373023,-8.37814084717382
0.93454827345429,1.21404181373023,-7.03362468766722
0.876746560196146,1.21404181373023,-5.74487399364096
0.825678435087975,1.21404181373023,-4.52118300934177
0.78023202182242,1.21404181373023,-3.37184597901636
0.739527469571637,1.21404181373023,-2.30615714691146
0.702859430314095,1.21404181373023,-1.3334107572738
0.669655840638388,1.21404181373023,-0.462901054350103
0.63944785959241,1.21404181373023,0.297065880601932
0.61184759190609,1.21404181373023,0.945036650459614
0.586531341654807,1.21404181373023,1.48246143501725
0.563226858187451,1.21404181373023,1.91080087522103
0.54170350638638,1.21404181373023,2.23151561201716
0.521764607792301,1.21404181373023,2.44606628635184
0.503241413118081,1.21404181373023,2.55591353917125
0.485988314638417,1.21404181373023,2.5625180114216
0.469879010763755,1.21404181373023,2.46734034404909
0.45480340894924,1.21404181373023,2.2718411779999
0.440665106272315,1.21404181373023,1.97989046202462
0.427379325764472,1.21404181373023,1.60983384161732
0.414871215127282,1.21404181373023,1.18539804931222
0.403074435702422,1.21404181373023,0.730318794154395
0.391929985519857,1.21404181373023,0.268331785188915
0.381385212339494,1.21404181373023,-0.176827268539141
0.371392981841731,1.21404181373023,-0.581422657984699
0.361910973239214,1.21404181373023,-0.92171867410269
0.352901080104469,1.21404181373023,-1.17397960784803
0.344328898523097,1.21404181373023,-1.31446975017566
0.336163288076316,1.21404181373023,-1.31945339204049
0.328375993843104,1.21404181373023,-1.16519482439745
0.320941319751235,1.21404181373023,-0.827958338201469
0.313835845319355,1.21404181373023,-0.284008224407473
0.307038179211149,1.21404181373023,0.489458176139375
0.300528744138513,1.21404181373023,1.49441889491926
0.294289588557952,1.21404181373023,2.71237440033521
0.288304221345691,1.21404181373023,4.12396152996577
0.282557466245279,1.21404181373023,5.70981712138948
0.277035333382705,1.21404181373023,7.45057801218487
0.271724905558922,1.21404181373023,9.32688103993048
0.26661423737418,1.21404181373023,11.3193630422049
0.261692265525976,1.21404181373023,13.4086608565866
0.256948728862854,1.21404181373023,15.5754113206541
0.252374096978216,1.21404181373023,17.800251271986
0.247959506298464,1.21404181373023,20.0638175481608
0.243696702763601,1.21404181373023,22.3467469867571
1.5461518941249,1.34191202515752,-15.8591481645754
1.39409395442307,1.34191202515752,-14.3537677643921
1.269266591963,1.34191202515752,-12.8577837049646
1.16495625068835,1.34191202515752,-11.3805923270492
1.07648870210123,1.34191202515752,-9.93158997140164
1.00050935927108,1.34191202515752,-8.52017297877801
0.93454827345429,1.34191202515752,-7.15573768993424
0.876746560196146,1.34191202515752,-5.84768044562634
0.825678435087975,1.34191202515752,-4.60539758661025
0.78023202182242,1.34191202515752,-3.43828545364198
0.739527469571637,1.34191202515752,-2.35574038747747
0.702859430314095,1.34191202515752,-1.36715872887271
0.669655840638388,1.34191202515752,-0.481936818583685
0.63944785959241,1.34191202515752,0.291520677251174
0.61184759190609,1.34191202515752,0.951686128968368
0.586531341654807,1.34191202515752,1.49994580224418
0.563226858187451,1.34191202515752,1.9376964610825
0.54170350638638,1.34191202515752,2.26633486948723
0.521764607792301,1.34191202515752,2.48725779146228
0.503241413118081,1.34191202515752,2.60186199101153
0.485988314638417,1.34191202515752,2.6115442321389
0.469879010763755,1.34191202515752,2.51770127884828
0.45480340894924,1.34191202515752,2.32172989514356
0.440665106272315,1.34191202515752,2.02748659130752
0.427379325764472,1.34191202515752,1.65360662076825
0.414871215127282,1.34191202515752,1.22421897619266
0.403074435702422,1.34191202515752,0.763461814680321
0.391929985519857,1.34191202515752,0.295473293330816
0.381385212339494,1.34191202515752,-0.155608430756269
0.371392981841731,1.34191202515752,-0.565645200481357
0.361910973239214,1.34191202515752,-0.91049885874487
0.352901080104469,1.34191202515752,-1.16603124844722
0.344328898523097,1.34191202515752,-1.30810421248883
0.336163288076316,1.34191202515752,-1.31257959377012
0.328375993843104,1.34191202515752,-1.15531923519151
0.320941319751235,1.34191202515752,-0.812184979653424
0.313835845319355,1.34191202515752,-0.25903867005627
0.307038179211149,1.34191202515752,0.527309338018111
0.300528744138513,1.34191202515752,1.54887894914673
0.294289588557952,1.34191202515752,2.78687314432474
0.288304221345691,1.34191202515752,4.22161696136584
0.282557466245279,1.34191202515752,5.8334354380837
0.277035333382705,1.34191202515752,7.60265361229203
0.271724905558922,1.34191202515752,9.50959652180452
0.26661423737418,1.34191202515752,11.5345892044349
0.261692265525976,1.34191202515752,13.6579566979967
0.256948728862854,1.34191202515752,15.8600240403039
0.252374096978216,1.34191202515752,18.1211162691699
0.247959506298464,1.34191202515752,20.4215584224085
0.243696702763601,1.34191202515752,22.7416755378335
1.5461518941249,1.46978223658481,-16.1081936987383
1.39409395442307,1.46978223658481,-14.5812277457595
1.269266591963,1.46978223658481,-13.0637619375999
1.16495625068835,1.46978223658481,-11.5652964190787
1.07648870210123,1.46978223658481,-10.0953313350154
1.00050935927108,1.46978223658481,-8.66336683022895
0.93454827345429,1.46978223658481,-7.27890304953876
0.876746560196146,1.46978223658481,-5.95144013776404
0.825678435087975,1.46978223658481,-4.69047823972404
0.78023202182242,1.46978223658481,-3.505517500238
0.739527469571637,1.46978223658481,-2.40605806412515
0.702859430314095,1.46978223658481,-1.40160007620475
0.669655840638388,1.46978223658481,-0.501643681296042
0.63944785959241,1.46978223658481,0.285306705468884
0.61184759190609,1.46978223658481,0.957651826412466
0.586531341654807,1.46978223658481,1.51671823444438
0.563226858187451,1.46978223658481,1.96384302373077
0.54170350638638,1.46978223658481,2.30036328843777
0.521764607792301,1.46978223658481,2.52761612273154
0.503241413118081,1.46978223658481,2.6469386207782
0.485988314638417,1.46978223658481,2.65966787674391
0.469879010763755,1.46978223658481,2.56714098479479
0.45480340894924,1.46978223658481,2.37069503909701
0.440665106272315,1.46978223658481,2.07417644931299
0.427379325764472,1.46978223658481,1.69650819194822
0.414871215127282,1.46978223658481,1.26221769349679
0.403074435702422,1.46978223658481,0.795841729568625
0.391929985519857,1.46978223658481,0.321917075773663
0.381385212339494,1.46978223658481,-0.135019492278162
0.371392981841731,1.46978223658481,-0.550431198976912
0.361910973239214,1.46978223658481,-0.899781268712661
0.352901080104469,1.46978223658481,-1.15853292587546
0.344328898523097,1.46978223658481,-1.3021493948554
0.336163288076316,1.46978223658481,-1.30609390004252
0.328375993843104,1.46978223658481,-1.14582966582689
0.320941319751235,1.46978223658481,-0.796819916598591
0.313835845319355,1.46978223658481,-0.234527876747677
0.307038179211149,1.46978223658481,0.564619395467723
0.300528744138513,1.46978223658481,1.60268315023622
0.294289588557952,1.46978223658481,2.86057146144191
0.288304221345691,1.46978223658481,4.3183002784996
0.282557466245279,1.46978223658481,5.95588555082407
0.277035333382705,1.46978223658481,7.75334322783014
0.271724905558922,1.46978223658481,9.6906892589326
0.26661423737418,1.46978223658481,11.7479395935463
0.261692265525976,1.46978223658481,13.9051101810859
0.256948728862854,1.46978223658481,16.1422169709664
0.252374096978216,1.46978223658481,18.4392759126024
0.247959506298464,1.46978223658481,20.7763029554089
0.243696702763601,1.46978223658481,23.1333140488005
1.5461518941249,1.5976524480121,-16.3590341498457
1.39409395442307,1.5976524480121,-14.8103482322027
1.269266591963,1.5976524480121,-13.2712679638618
1.16495625068835,1.5976524480121,-11.7513989941251
1.07648870210123,1.5976524480121,-10.2603469722947
1.00050935927108,1.5976524480121,-8.80771754767266
0.93454827345429,1.5976524480121,-7.4031163695611
0.876746560196146,1.5976524480121,-6.0561490872621
0.825678435087975,1.5976524480121,-4.77642135007775
0.78023202182242,1.5976524480121,-3.57353880731017
0.739527469571637,1.5976524480121,-2.45710710826142
0.702859430314095,1.5976524480121,-1.43673190223363
0.669655840638388,1.5976524480121,-0.522018838528863
0.63944785959241,1.5976524480121,0.278426759478057
0.61184759190609,1.5976524480121,0.962936599740123
0.586531341654807,1.5976524480121,1.5327817061979
0.563226858187451,1.5976524480121,1.98924369270634
0.54170350638638,1.5976524480121,2.33360417312042
0.521764607792301,1.5976524480121,2.56714476129509
0.503241413118081,1.5976524480121,2.6911470710853
0.485988314638417,1.5976524480121,2.70689271634604
0.469879010763755,1.5976524480121,2.61566331093224
0.45480340894924,1.5976524480121,2.41874046869887
0.440665106272315,1.5976524480121,2.11996382258944
0.427379325764472,1.5976524480121,1.73854219520547
0.414871215127282,1.5976524480121,1.29939763654961
0.403074435702422,1.5976524480121,0.827461727198459
0.391929985519857,1.5976524480121,0.347666047728612
0.381385212339494,1.5976524480121,-0.115057821283339
0.371392981841731,1.5976524480121,-0.535778299260799
0.361910973239214,1.5976524480121,-0.889563805627184
0.352901080104469,1.5976524480121,-1.15148275980589
0.344328898523097,1.5976524480121,-1.29660358122034
0.336163288076316,1.5976524480121,-1.29999468929393
0.328375993843104,1.5976524480121,-1.13672450345007
0.320941319751235,1.5976524480121,-0.78186144311217
0.313835845319355,1.5976524480121,-0.210473927703637
0.307038179211149,1.5976524480121,0.601390609310296
0.300528744138513,1.5976524480121,1.65583423844854
0.294289588557952,1.5976524480121,2.93347269600004
0.288304221345691,1.5976524480121,4.41401554301815
0.282557466245279,1.5976524480121,6.07717234055621
0.277035333382705,1.5976524480121,7.90265264966756
0.271724905558922,1.5976524480121,9.87016603140552
0.26661423737418,1.5976524480121,11.9594220468235
0.261692265525976,1.5976524480121,14.1501302569747
0.256948728862854,1.5976524480121,16.4220002229126
0.252374096978216,1.5976524480121,18.7547415056904
0.247959506298464,1.5976524480121,21.1280636663616
0.243696702763601,1.5976524480121,23.5216762659794
1.5461518941249,1.72552265943939,-16.611661986978
1.39409395442307,1.72552265943939,-15.0411222567531
1.269266591963,1.72552265943939,-13.4802953735983
1.16495625068835,1.72552265943939,-11.9388941845836
1.07648870210123,1.72552265943939,-10.4266315367792
1.00050935927108,1.72552265943939,-8.9532202772552
0.93454827345429,1.72552265943939,-7.52837325308158
0.876746560196146,1.72552265943939,-6.1618033113285
0.825678435087975,1.72552265943939,-4.86322329906601
0.78023202182242,1.72552265943939,-3.64234606336422
0.739527469571637,1.72552265943939,-2.5088844512932
0.702859430314095,1.72552265943939,-1.47255130992304
0.669655840638388,1.72552265943939,-0.54305948632384
0.63944785959241,1.72552265943939,0.270883633501688
0.61184759190609,1.72552265943939,0.967543305899549
0.586531341654807,1.72552265943939,1.54813919208476
0.563226858187451,1.72552265943939,2.01390159754971
0.54170350638638,1.72552265943939,2.36606082778679
0.521764607792301,1.72552265943939,2.60584718828839
0.503241413118081,1.72552265943939,2.7344909845469
0.485988314638417,1.72552265943939,2.7532225220547
0.469879010763755,1.72552265943939,2.66327210630419
0.45480340894924,1.72552265943939,2.46587004278775
0.440665106272315,1.72552265943939,2.1648524976853
0.427379325764472,1.72552265943939,1.77971227058822
0.414871215127282,1.72552265943939,1.3357622406761
0.403074435702422,1.72552265943939,0.858324995948964
0.391929985519857,1.72552265943939,0.37272312440682
0.381385212339494,1.72552265943939,-0.0957207859503223
0.371392981841731,1.72552265943939,-0.52168414712245
0.361910973239214,1.72552265943939,-0.879844371109555
0.352901080104469,1.72552265943939,-1.14487886991163
0.344328898523097,1.72552265943939,-1.29146505552865
0.336163288076316,1.72552265943939,-1.29428033996062
0.328375993843104,1.72552265943939,-1.12800213520753
0.320941319751235,1.72552265943939,-0.767307853269354
0.313835845319355,1.72552265943939,-0.186874906146094
0.307038179211149,1.72552265943939,0.637625240367912
0.300528744138513,1.72552265943939,1.70833495404447
0.294289588557952,1.72552265943939,3.00558019231245
0.288304221345691,1.72552265943939,4.50876681657261
0.282557466245279,1.72552265943939,6.19730068822575
0.277035333382705,1.72552265943939,8.05058766867264
0.271724905558922,1.72552265943939,10.0480336193141
0.26661423737418,1.72552265943939,12.1690444015508
0.261692265525976,1.72552265943939,14.3930258767837
0.256948728862854,1.72552265943939,16.6993839064134
0.252374096978216,1.72552265943939,19.0675243518408
0.247959506298464,1.72552265943939,21.4768530744666
0.243696702763601,1.72552265943939,23.9067759356916
1.5461518941249,1.85339287086668,-16.8660696792156
1.39409395442307,1.85339287086668,-15.2735428524419
1.269266591963,1.85339287086668,-13.6908377566569
1.16495625068835,1.85339287086668,-12.1277761228495
1.07648870210123,1.85339287086668,-10.5941796820085
1.00050935927108,1.85339287086668,-9.09987016512256
0.93454827345429,1.85339287086668,-7.65466930318056
0.876746560196146,1.85339287086668,-6.26839882717126
0.825678435087975,1.85339287086668,-4.95088046808344
0.78023202182242,1.85339287086668,-3.71193595690589
0.739527469571637,1.85339287086668,-2.56138702462739
0.702859430314095,1.85339287086668,-1.50905540223672
0.669655840638388,1.85339287086668,-0.564762820722665
0.63944785959241,1.85339287086668,0.262680121762768
0.61184759190609,1.85339287086668,0.971474801838951
0.586531341654807,1.85339287086668,1.56279366668499
0.563226858187451,1.85339287086668,2.03781986780136
0.54170350638638,1.85339287086668,2.39773655668851
0.521764607792301,1.85339287086668,2.64372688484691
0.503241413118081,1.85339287086668,2.77697400377702
0.485988314638417,1.85339287086668,2.79866106497931
0.469879010763755,1.85339287086668,2.70997121995423
0.45480340894924,1.85339287086668,2.51208762020226
0.440665106272315,1.85339287086668,2.20884626114897
0.427379325764472,1.85339287086668,1.8200220581447
0.414871215127282,1.85339287086668,1.37131494120125
0.403074435702422,1.85339287086668,0.888434724199284
0.391929985519857,1.85339287086668,0.397091221019438
0.381385212339494,1.85339287086668,-0.0770057544576387
0.371392981841731,1.85339287086668,-0.508146388351298
0.361910973239214,1.85339287086668,-0.870620866780897
0.352901080104469,1.85339287086668,-1.13871937586579
0.344328898523097,1.85339287086668,-1.28673210172532
0.336163288076316,1.85339287086668,-1.28894923047886
0.328375993843104,1.85339287086668,-1.11966094824575
0.320941319751235,1.85339287086668,-0.75315744114534
0.313835845319355,1.85339287086668,-0.163728895296994
0.307038179211149,1.85339287086668,0.673325549462652
0.300528744138513,1.85339287086668,1.76018803728483
0.294289588557952,1.85339287086668,3.07689729469244
0.288304221345691,1.85339287086668,4.60255816081406
0.282557466245279,1.85339287086668,6.3162754747783
0.277035333382705,1.85339287086668,8.19715407571376
0.271724905558922,1.85339287086668,10.224298802749
0.26661423737418,1.85339287086668,12.3768144950127
0.261692265525976,1.85339287086668,14.6338059916334
0.256948728862854,1.85339287086668,16.9743781317397
0.252374096978216,1.85339287086668,19.3776357544602
0.247959506298464,1.85339287086668,21.8226836989235
0.243696702763601,1.85339287086668,24.2886268042582
1.5461518941249,1.98126308229398,-17.1222496956391
1.39409395442307,1.98126308229398,-15.5076030523005
1.269266591963,1.98126308229398,-13.9028887028855
1.16495625068835,1.98126308229398,-12.3180389413181
1.07648870210123,1.98126308229398,-10.762986061522
1.00050935927108,1.98126308229398,-9.24766235742079
0.93454827345429,1.98126308229398,-7.78200012293835
0.876746560196146,1.98126308229398,-6.37593165199839
0.825678435087975,1.98126308229398,-5.03938923852466
0.78023202182242,1.98126308229398,-3.78230517644092
0.739527469571637,1.98126308229398,-2.6146117596709
0.702859430314095,1.98126308229398,-1.54624128213835
0.669655840638388,1.98126308229398,-0.587126037767027
0.63944785959241,1.98126308229398,0.253819018484292
0.61184759190609,1.98126308229398,0.974733944506542
0.586531341654807,1.98126308229398,1.57674810457863
0.563226858187451,1.98126308229398,2.06100163300178
0.54170350638638,1.98126308229398,2.4286346640772
0.521764607792301,1.98126308229398,2.68078733210611
0.503241413118081,1.98126308229398,2.81859977138973
0.485988314638417,1.98126308229398,2.84321211622928
0.469879010763755,1.98126308229398,2.75576450092596
0.45480340894924,1.98126308229398,2.557397059781
0.440665106272315,1.98126308229398,2.25194889952886
0.427379325764472,1.98126308229398,1.85947519792314
0.414871215127282,1.98126308229398,1.40605917345005
0.403074435702422,1.98126308229398,0.917794100328565
0.391929985519857,1.98126308229398,0.420773252777624
0.381385212339494,1.98126308229398,-0.0589100949838077
0.371392981841731,1.98126308229398,-0.495162668736778
0.361910973239214,1.98126308229398,-0.861891194262328
0.352901080104469,1.98126308229398,-1.1330023973415
0.344328898523097,1.98126308229398,-1.28240300375535
0.336163288076316,1.98126308229398,-1.2839997392849
0.328375993843104,1.98126308229398,-1.11169932971121
0.320941319751235,1.98126308229398,-0.739408500815324
0.313835845319355,1.98126308229398,-0.141033978378279
0.307038179211149,1.98126308229398,0.708493797416599
0.300528744138513,1.98126308229398,1.81139622843042
0.294289588557952,1.98126308229398,3.14742734745334
0.288304221345691,1.98126308229398,4.69539363739361
0.282557466245279,1.98126308229398,6.4341015811595
0.277035333382705,1.98126308229398,8.34235766165927
0.271724905558922,1.98126308229398,10.3989683618012
0.26661423737418,1.98126308229398,12.5827401644935
0.261692265525976,1.98126308229398,14.8724795526446
0.256948728862854,1.98126308229398,17.2469930091625
0.252374096978216,1.98126308229398,19.6850870169557
0.247959506298464,1.98126308229398,22.1655680589323
0.243696702763601,1.98126308229398,24.6672426180007
1.5461518941249,2.10913329372127,-17.3801945053288
1.39409395442307,2.10913329372127,-15.74329588936
1.269266591963,2.10913329372127,-14.1164418021319
1.16495625068835,2.10913329372127,-12.5096767723847
1.07648870210123,2.10913329372127,-10.9330453288592
1.00050935927108,2.10913329372127,-9.39659200029591
0.93454827345429,2.10913329372127,-7.91036131543528
0.876746560196146,2.10913329372127,-6.4843978030179
0.825678435087975,2.10913329372127,-5.12874599178431
0.78023202182242,2.10913329372127,-3.85345041047504
0.739527469571637,2.10913329372127,-2.66855558783064
0.702859430314095,2.10913329372127,-1.58410605259166
0.669655840638388,2.10913329372127,-0.610146333498618
0.63944785959241,2.10913329372127,0.244303117889255
0.61184759190609,2.10913329372127,0.977323590850532
0.586531341654807,2.10913329372127,1.59000548034571
0.563226858187451,2.10913329372127,2.08345002269146
0.54170350638638,2.10913329372127,2.45875845420449
0.521764607792301,2.10913329372127,2.71703201120146
0.503241413118081,2.10913329372127,2.85937192999908
0.485988314638417,2.10913329372127,2.88687944691401
0.469879010763755,2.10913329372127,2.80065579826296
0.45480340894924,2.10913329372127,2.60180222036259
0.440665106272315,2.10913329372127,2.29416419937339
0.427379325764472,2.10913329372127,1.89807532997177
0.414871215127282,2.10913329372127,1.43999837274749
0.403074435702422,2.10913329372127,0.946406312715948
0.391929985519857,2.10913329372127,0.443772134892532
0.381385212339494,2.10913329372127,-0.0414311757073567
0.371392981841731,2.10913329372127,-0.48273063406832
0.361910973239214,2.10913329372127,-0.853653255174965
0.352901080104469,2.10913329372127,-1.12772605401189
0.344328898523097,2.10913329372127,-1.27847604556371
0.336163288076316,2.10913329372127,-1.27943024481501
0.328375993843104,2.10913329372127,-1.10411566675041
0.320941319751235,2.10913329372127,-0.726059326354502
0.313835845319355,2.10913329372127,-0.118788238611895
0.307038179211149,2.10913329372127,0.743132245051836
0.300528744138513,2.10913329372127,1.86196226774204
0.294289588557952,2.10913329372127,3.21717369490846
0.288304221345691,2.10913329372127,4.78727730796235
0.282557466245279,2.10913329372127,6.55078388831496
0.277035333382705,2.10913329372127,8.48620421737754
0.271724905558922,2.10913329372127,10.5720490765613
0.26661423737418,2.10913329372127,12.7868292472776
0.261692265525976,2.10913329372127,15.1090555109377
0.256948728862854,2.10913329372127,17.5172386489527
0.252374096978216,2.10913329372127,19.9898894427339
0.247959506298464,2.10913329372127,22.5055186736927
0.243696702763601,2.10913329372127,25.0426371232402
1.5461518941249,2.23700350514856,-17.6398965773651
1.39409395442307,2.23700350514856,-15.980614396652
1.269266591963,2.23700350514856,-14.3314906442436
1.16495625068835,2.23700350514856,-12.7026837484446
1.07648870210123,2.23700350514856,-11.1043521375598
1.00050935927108,2.23700350514856,-9.54665423989394
0.93454827345429,2.23700350514856,-8.03974848375169
0.876746560196146,2.23700350514856,-6.5937932974378
0.825678435087975,2.23700350514856,-5.218947109257
0.78023202182242,2.23700350514856,-3.925368347514
0.739527469571637,2.23700350514856,-2.72321544051354
0.702859430314095,2.23700350514856,-1.62264681656034
0.669655840638388,2.23700350514856,-0.633820903959127
0.63944785959241,2.23700350514856,0.234135214200648
0.61184759190609,2.23700350514856,0.979246597819127
0.586531341654807,2.23700350514856,1.60256876856624
0.563226858187451,2.23700350514856,2.10516816641089
0.54170350638638,2.23700350514856,2.48811123132199
0.521764607792301,2.23700350514856,2.75246440326842
0.503241413118081,2.23700350514856,2.8992941222191
0.485988314638417,2.23700350514856,2.92966682814293
0.469879010763755,2.23700350514856,2.84464896100881
0.45480340894924,2.23700350514856,2.64530696078564
0.440665106272315,2.23700350514856,2.33549594723095
0.427379325764472,2.23700350514856,1.93582609433882
0.414871215127282,2.23700350514856,1.47313597441856
0.403074435702422,2.23700350514856,0.974274549740581
0.391929985519857,2.23700350514856,0.466090782575318
0.381385212339494,2.23700350514856,-0.0245663648068022
0.371392981841731,2.23700350514856,-0.47084793013536
0.361910973239214,2.23700350514856,-0.845904951139929
0.352901080104469,2.23700350514856,-1.12288846555008
0.344328898523097,2.23700350514856,-1.2749495110954
0.336163288076316,2.23700350514856,-1.27523912550545
0.328375993843104,2.23700350514856,-1.09690834650982
0.320941319751235,2.23700350514856,-0.71310821183807
0.313835845319355,2.23700350514856,-0.0969897592197852
0.307038179211149,2.23700350514856,0.777243153190444
0.300528744138513,2.23700350514856,1.9118888954805
0.294289588557952,2.23700350514856,3.28613968137113
0.288304221345691,2.23700350514856,4.87821323417139
0.282557466245279,2.23700350514856,6.66632727719031
0.277035333382705,2.23700350514856,8.62869953373693
0.271724905558922,2.23700350514856,10.7435477271203
0.26661423737418,2.23700350514856,12.9890895806494
0.261692265525976,2.23700350514856,15.3435428176334
0.256948728862854,2.23700350514856,17.7851251613811
0.252374096978216,2.23700350514856,20.2920543352018
0.247959506298464,2.23700350514856,22.8425480624044
0.243696702763601,2.23700350514856,25.414824066298
1.5461518941249,2.36487371657585,-17.9013483808285
1.39409395442307,2.36487371657585,-16.2195516072076
1.269266591963,2.36487371657585,-14.5480288190684
1.16495625068835,2.36487371657585,-12.897054001893
1.07648870210123,2.36487371657585,-11.2769011411632
1.00050935927108,2.36487371657585,-9.69784422236093
0.93454827345429,2.36487371657585,-8.17015723096792
0.876746560196146,2.36487371657585,-6.7041141524661
0.825678435087975,2.36487371657585,-5.30998897233735
0.78023202182242,2.36487371657585,-3.99805567606353
0.739527469571637,2.36487371657585,-2.77858824912649
0.702859430314095,2.36487371657585,-1.66186067700811
0.669655840638388,2.36487371657585,-0.658146945190247
0.63944785959241,2.36487371657585,0.223318101641469
0.61184759190609,2.36487371657585,0.980505822360546
0.586531341654807,2.36487371657585,1.61444094382028
0.563226858187451,2.36487371657585,2.12615919370057
0.54170350638638,2.36487371657585,2.51669629968133
0.521764607792301,2.36487371657585,2.78708798944246
0.503241413118081,2.36487371657585,2.93836999066386
0.485988314638417,2.36487371657585,2.97157803102545
0.469879010763755,2.36487371657585,2.88774783820711
0.45480340894924,2.36487371657585,2.68791513988876
0.440665106272315,2.36487371657585,2.37594792964998
0.427379325764472,2.36487371657585,1.97273113107252
0.414871215127282,2.36487371657585,1.50547541378823
0.403074435702422,2.36487371657585,1.0014019997816
0.391929985519857,2.36487371657585,0.487732111037135
0.381385212339494,2.36487371657585,-0.00831303046067611
0.371392981841731,2.36487371657585,-0.459512202727332
0.361910973239214,2.36487371657585,-0.838644183778339
0.352901080104469,2.36487371657585,-1.1184877516292
0.344328898523097,2.36487371657585,-1.27182168429541
0.336163288076316,2.36487371657585,-1.27142475979249
0.328375993843104,2.36487371657585,-1.09007575613592
0.320941319751235,2.36487371657585,-0.700553451341225
0.313835845319355,2.36487371657585,-0.0756366234238956
0.307038179211149,2.36487371657585,0.810828782654507
0.300528744138513,2.36487371657585,1.96117885190658
0.294289588557952,2.36487371657585,3.35432865115466
0.288304221345691,2.36487371657585,4.96820547767182
0.282557466245279,2.36487371657585,6.78073662873118
0.277035333382705,2.36487371657585,8.76984940160579
0.271724905558922,2.36487371657585,10.9134710935688
0.26661423737418,2.36487371657585,13.1895290018932
0.261692265525976,2.36487371657585,15.5759504238522
0.256948728862854,2.36487371657585,18.0506626567188
0.252374096978216,2.36487371657585,20.5915929977662
0.247959506298464,2.36487371657585,23.1766687442674
0.243696702763601,2.36487371657585,25.7838171934954
1.5461518941249,2.49274392800314,-18.1645423847995
1.39409395442307,2.49274392800314,-16.4601005540581
1.269266591963,2.49274392800314,-14.7660499164542
1.16495625068835,2.49274392800314,-13.0927816651253
1.07648870210123,2.49274392800314,-11.4506869932091
1.00050935927108,2.49274392800314,-9.85015709384287
0.93454827345429,2.49274392800314,-8.30158316016427
0.876746560196146,2.49274392800314,-6.81535638531081
0.825678435087975,2.49274392800314,-5.40186796242
0.78023202182242,2.49274392800314,-4.07150908462936
0.739527469571637,2.49274392800314,-2.83467094507641
0.702859430314095,2.49274392800314,-1.70174473689867
0.669655840638388,2.49274392800314,-0.683121653233666
0.63944785959241,2.49274392800314,0.211854574434709
0.61184759190609,2.49274392800314,0.981104121422992
0.586531341654807,2.49274392800314,1.62562498068784
0.563226858187451,2.49274392800314,2.14642623410098
0.54170350638638,2.49274392800314,2.54451696353414
0.521764607792301,2.49274392800314,2.82090625085905
0.503241413118081,2.49274392800314,2.97660317794741
0.485988314638417,2.49274392800314,3.01261682667097
0.469879010763755,2.49274392800314,2.92995627890144
0.45480340894924,2.49274392800314,2.72963061651055
0.440665106272315,2.49274392800314,2.41552393317887
0.427379325764472,2.49274392800314,2.0087940802211
0.414871215127282,2.49274392800314,1.53702012618151
0.403074435702422,2.49274392800314,1.02779185121816
0.391929985519857,2.49274392800314,0.508699035489141
0.381385212339494,2.49274392800314,0.00733145915250781
0.371392981841731,2.49274392800314,-0.448721097633665
0.361910973239214,2.49274392800314,-0.831868854711311
0.352901080104469,2.49274392800314,-1.11452203192236
0.344328898523097,2.49274392800314,-1.26909084910873
0.336163288076316,2.49274392800314,-1.26798552611237
0.328375993843104,2.49274392800314,-1.08361628277521
0.320941319751235,2.49274392800314,-0.68839333893916
0.313835845319355,2.49274392800314,-0.0547269144461665
0.307038179211149,2.49274392800314,0.843891394266105
0.300528744138513,2.49274392800314,2.00983487728111
0.294289588557952,2.49274392800314,3.42174394857236
0.288304221345691,2.49274392800314,5.05725810011475
0.282557466245279,2.49274392800314,6.89401682388318
0.277035333382705,2.49274392800314,8.90965961185251
0.271724905558922,2.49274392800314,11.0818259559976
0.26661423737418,2.49274392800314,13.3881553482935
0.261692265525976,2.49274392800314,15.8062872807149
0.256948728862854,2.49274392800314,18.3138612452367
0.252374096978216,2.49274392800314,20.8885167338339
0.247959506298464,2.49274392800314,23.5078932384813
0.243696702763601,2.49274392800314,26.1496302511538
1.5461518941249,2.62061413943043,-18.4294710583584
1.39409395442307,2.62061413943043,-16.7022542702349
1.269266591963,2.62061413943043,-14.9855475262486
1.16495625068835,2.62061413943043,-13.2898608705368
1.07648870210123,2.62061413943043,-11.6257043472368
1.00050935927108,2.62061413943043,-10.0035880004858
0.93454827345429,2.62061413943043,-8.43402187442111
0.876746560196146,2.62061413943043,-6.92751601317994
0.825678435087975,2.62061413943043,-5.49458046089957
0.78023202182242,2.62061413943043,-4.14572526171723
0.739527469571637,2.62061413943043,-2.8914604597702
0.702859430314095,2.62061413943043,-1.74229609919573
0.669655840638388,2.62061413943043,-0.708742224131075
0.63944785959241,2.62061413943043,0.199747426803365
0.61184759190609,2.62061413943043,0.981044351954683
0.586531341654807,2.62061413943043,1.63612385374897
0.563226858187451,2.62061413943043,2.16597241715262
0.54170350638638,2.62061413943043,2.57157652713205
0.521764607792301,2.62061413943043,2.85392266865364
0.503241413118081,2.62061413943043,3.01399732668379
0.485988314638417,2.62061413943043,3.05278698618891
0.469879010763755,2.62061413943043,2.97127813213539
0.45480340894924,2.62061413943043,2.77045724948963
0.440665106272315,2.62061413943043,2.45422774436605
0.427379325764472,2.62061413943043,2.04401858183279
0.414871215127282,2.62061413943043,1.56777354692337
0.403074435702422,2.62061413943043,1.05344729242941
0.391929985519857,2.62061413943043,0.528994471142489
0.381385212339494,2.62061413943043,0.0223697358542216
0.371392981841731,2.62061413943043,-0.438472260643798
0.361910973239214,2.62061413943043,-0.82557686555997
0.352901080104469,2.62061413943043,-1.11098942610269
0.344328898523097,2.62061413943043,-1.26675528948036
0.336163288076316,2.62061413943043,-1.26491980290138
0.328375993843104,2.62061413943043,-1.07752831357415
0.320941319751235,2.62061413943043,-0.676626168707074
0.313835845319355,2.62061413943043,-0.0342587155085443
0.307038179211149,2.62061413943043,0.876433248847323
0.300528744138513,2.62061413943043,2.05785971186487
0.294289588557952,2.62061413943043,3.48838891793756
0.288304221345691,2.62061413943043,5.14537516315129
0.282557466245279,2.62061413943043,7.00617274359195
0.277035333382705,2.62061413943043,9.04813595534544
0.271724905558922,2.62061413943043,11.2486190944977
0.26661423737418,2.62061413943043,13.5849764571345
0.261692265525976,2.62061413943043,16.0345623393419
0.256948728862854,2.62061413943043,18.5747310372056
0.252374096978216,2.62061413943043,21.1828368468117
0.247959506298464,2.62061413943043,23.836234064246
0.243696702763601,2.62061413943043,26.5122769855944
1.5461518941249,2.74848435085772,-18.6961268705857
1.39409395442307,2.74848435085772,-16.9460057887692
1.269266591963,2.74848435085772,-15.2065152382993
1.16495625068835,2.74848435085772,-13.4882857505227
1.07648870210123,2.74848435085772,-11.801947856786
1.00050935927108,2.74848435085772,-10.1581320884358
0.93454827345429,2.74848435085772,-8.56746897681874
0.876746560196146,2.74848435085772,-7.0405890532815
0.825678435087975,2.74848435085772,-5.58812284917067
0.78023202182242,2.74848435085772,-4.22070089583289
0.739527469571637,2.74848435085772,-2.94895372461479
0.702859430314095,2.74848435085772,-1.78351186686301
0.669655840638388,2.74848435085772,-0.735005853924167
0.63944785959241,2.74848435085772,0.186999452970428
0.61184759190609,2.74848435085772,0.980329370903821
0.586531341654807,2.74848435085772,1.64594053758369
0.563226858187451,2.74848435085772,2.18480087239598
0.54170350638638,2.74848435085772,2.59787829472666
0.521764607792301,2.74848435085772,2.8861407239617
0.503241413118081,2.74848435085772,3.05055607948706
0.485988314638417,2.74848435085772,3.09209228068869
0.469879010763755,2.74848435085772,3.01171724695255
0.45480340894924,2.74848435085772,2.81039889766461
0.440665106272315,2.74848435085772,2.49206314975991
0.427379325764472,2.74848435085772,2.07840827595581
0.414871215127282,2.74848435085772,1.59773911133882
0.403074435702422,2.74848435085772,1.07837151179448
0.391929985519857,2.74848435085772,0.548621333208335
0.381385212339494,2.74848435085772,0.0368044314659426
0.371392981841731,2.74848435085772,-0.42876333754716
0.361910973239214,2.74848435085772,-0.81976611794543
0.352901080104469,2.74848435085772,-1.10788805384332
0.344328898523097,2.74848435085772,-1.26481328935528
0.336163288076316,2.74848435085772,-1.26222596859577
0.328375993843104,2.74848435085772,-1.07181023567925
0.320941319751235,2.74848435085772,-0.665250234720163
0.313835845319355,2.74848435085772,-0.014230109832973
0.307038179211149,2.74848435085772,0.908456607220241
0.300528744138513,2.74848435085772,2.10525609591868
0.294289588557952,2.74848435085772,3.55426690356357
0.288304221345691,2.74848435085772,5.23256072843251
0.282557466245279,2.74848435085772,7.1172092688031
0.277035333382705,2.74848435085772,9.18528422295292
0.271724905558922,2.74848435085772,11.4138572891596
0.26661423737418,2.74848435085772,13.7800001657007
0.261692265525976,2.74848435085772,16.2607845508538
0.256948728862854,2.74848435085772,18.8332821428965
0.252374096978216,2.74848435085772,21.4745646401065
0.247959506298464,2.74848435085772,24.1617037407613
0.243696702763601,2.74848435085772,26.8717711431384
1.5461518941249,2.87635456228502,-18.9645022905618
1.39409395442307,2.87635456228502,-17.1913481426924
1.269266591963,2.87635456228502,-15.4289466424541
1.16495625068835,2.87635456228502,-13.6880504374783
1.07648870210123,2.87635456228502,-11.9794121753961
1.00050935927108,2.87635456228502,-10.3137845038388
0.93454827345429,2.87635456228502,-8.70192007043752
0.876746560196146,2.87635456228502,-7.15457152282349
0.825678435087975,2.87635456228502,-5.68249150862794
0.78023202182242,2.87635456228502,-4.29643267548207
0.739527469571637,2.87635456228502,-3.00714767101709
0.702859430314095,2.87635456228502,-1.8253891428642
0.669655840638388,2.87635456228502,-0.761909738654632
0.63944785959241,2.87635456228502,0.173613447158892
0.61184759190609,2.87635456228502,0.978962035218621
0.586531341654807,2.87635456228502,1.65507800677202
0.563226858187451,2.87635456228502,2.20291472937154
0.54170350638638,2.87635456228502,2.62342557056961
0.521764607792301,2.87635456228502,2.91756389791871
0.503241413118081,2.87635456228502,3.08628307897125
0.485988314638417,2.87635456228502,3.1305364812797
0.469879010763755,2.87635456228502,3.0512774723965
0.45480340894924,2.87635456228502,2.8494594198741
0.440665106272315,2.87635456228502,2.52903393590888
0.427379325764472,2.87635456228502,2.11196680263839
0.414871215127282,2.87635456228502,1.62692025475282
0.403074435702422,2.87635456228502,1.10256769769251
0.391929985519857,2.87635456228502,0.567582536897833
0.381385212339494,2.87635456228502,0.0506381778091483
0.371392981841731,2.87635456228502,-0.419591974133186
0.361910973239214,2.87635456228502,-0.81443451348881
0.352901080104469,2.87635456228502,-1.10521603481736
0.344328898523097,2.87635456228502,-1.26326313267848
0.336163288076316,2.87635456228502,-1.2599024016318
0.328375993843104,2.87635456228502,-1.06646043623697
0.320941319751235,2.87635456228502,-0.654263831053621
0.313835845319355,2.87635456228502,0.0053608193586023
0.307038179211149,2.87635456228502,0.939963730206944
0.300528744138513,2.87635456228502,2.15202676970333
0.294289588557952,2.87635456228502,3.61938124976371
0.288304221345691,2.87635456228502,5.31881885760953
0.282557466245279,2.87635456228502,7.22713128046226
0.277035333382705,2.87635456228502,9.32111020554335
0.271724905558922,2.87635456228502,11.5775473200743
0.26661423737418,2.87635456228502,13.9732343112764
0.261692265525976,2.87635456228502,16.4849628663713
0.256948728862854,2.87635456228502,19.0895246725804
0.252374096978216,2.87635456228502,21.7637114171251
0.247959506298464,2.87635456228502,24.4843147872269
0.243696702763601,2.87635456228502,27.2281264701072
1.5461518941249,3.00422477371231,-19.2345897873672
1.39409395442307,3.00422477371231,-17.4382743650357
1.269266591963,3.00422477371231,-15.6528353285608
1.16495625068835,3.00422477371231,-13.889149063799
1.07648870210123,3.00422477371231,-12.1580919566068
1.00050935927108,3.00422477371231,-10.4705403928409
0.93454827345429,3.00422477371231,-8.83737075835776
0.876746560196146,3.00422477371231,-7.26945943901394
0.825678435087975,3.00422477371231,-5.777682820666
0.78023202182242,3.00422477371231,-4.3729172891705
0.739527469571637,3.00422477371231,-3.06603923038399
0.702859430314095,3.00422477371231,-1.86792503016302
0.669655840638388,3.00422477371231,-0.78945107436416
0.63944785959241,3.00422477371231,0.159592203591752
0.61184759190609,3.00422477371231,0.976945201847294
0.586531341654807,3.00422477371231,1.66353923589401
0.563226858187451,3.00422477371231,2.22031711761979
0.54170350638638,3.00422477371231,2.64822165891253
0.521764607792301,3.00422477371231,2.94819567166011
0.503241413118081,3.00422477371231,3.12118196775043
0.485988314638417,3.00422477371231,3.16812335907137
0.469879010763755,3.00422477371231,3.08996265751083
0.45480340894924,3.00422477371231,2.8876426749567
0.440665106272315,3.00422477371231,2.56514388936136
0.427379325764472,3.00422477371231,2.14469780192878
0.414871215127282,3.00422477371231,1.65532041249038
0.403074435702422,3.00422477371231,1.12603903850266
0.391929985519857,3.00422477371231,0.58588099742214
0.381385212339494,3.00422477371231,0.063873606705316
0.371392981841731,3.00422477371231,-0.41095581619131
0.361910973239214,3.00422477371231,-0.809579953811234
0.352901080104469,3.00422477371231,-1.10297148869795
0.344328898523097,3.00422477371231,-1.26210310339495
0.336163288076316,3.00422477371231,-1.25794748044573
0.328375993843104,3.00422477371231,-1.0614773023938
0.320941319751235,3.00422477371231,-0.643665251782646
0.313835845319355,3.00422477371231,0.0245159888442374
0.307038179211149,3.00422477371231,0.970956878629512
0.300528744138513,3.00422477371231,2.19817447347963
0.294289588557952,3.00422477371231,3.68373530085129
0.288304221345691,3.00422477371231,5.40415361233345
0.282557466245279,3.00422477371231,7.33594365951506
0.277035333382705,3.00422477371231,9.45561969398507
0.271724905558922,3.00422477371231,11.7396959673324
0.26661423737418,3.00422477371231,14.1646867311461
0.261692265525976,3.00422477371231,16.707106237015
0.256948728862854,3.00422477371231,19.3434687365281
0.252374096978216,3.00422477371231,22.0502884812744
0.247959506298464,3.00422477371231,24.8040797228427
0.243696702763601,3.00422477371231,27.5813567128221
1.5461518941249,3.1320949851396,-19.5063818300822
1.39409395442307,3.1320949851396,-17.6867774888305
1.269266591963,3.1320949851396,-15.878174886467
1.16495625068835,3.1320949851396,-14.0915757618799
1.07648870210123,3.1320949851396,-12.3379818539576
1.00050935927108,3.1320949851396,-10.6283949015881
0.93454827345429,3.1320949851396,-8.9738166436598
0.876746560196146,3.1320949851396,-7.38524881906084
0.825678435087975,3.1320949851396,-5.87369316667948
0.78023202182242,3.1320949851396,-4.45015142540393
0.739527469571637,3.1320949851396,-3.12562533412242
0.702859430314095,3.1320949851396,-1.91111663172318
0.669655840638388,3.1320949851396,-0.817627057094441
0.63944785959241,3.1320949851396,0.144938516492002
0.61184759190609,3.1320949851396,0.974281727738048
0.586531341654807,3.1320949851396,1.67132719952968
0.563226858187451,3.1320949851396,2.23701116668123
0.54170350638638,3.1320949851396,2.67226986400703
0.521764607792301,3.1320949851396,2.97803952632139
0.503241413118081,3.1320949851396,3.15525638843864
0.485988314638417,3.1320949851396,3.20485668517312
0.469879010763755,3.1320949851396,3.12777665133914
0.45480340894924,3.1320949851396,2.92495252175102
0.440665106272315,3.1320949851396,2.60039679666577
0.427379325764472,3.1320949851396,2.17660491387518
0.414871215127282,3.1320949851396,1.68294301987647
0.403074435702422,3.1320949851396,1.14878872260407
0.391929985519857,3.1320949851396,0.60351962999241
0.381385212339494,3.1320949851396,0.0765133499759216
0.371392981841731,3.1320949851396,-0.402852509510963
0.361910973239214,3.1320949851396,-0.805200340533815
0.352901080104469,3.1320949851396,-1.1011525351582
0.344328898523097,3.1320949851396,-1.26133148544968
0.336163288076316,3.1320949851396,-1.25635958347384
0.328375993843104,3.1320949851396,-1.05685922129623
0.320941319751235,3.1320949851396,-0.633452790982434
0.313835845319355,3.1320949851396,0.0432373154019897
0.307038179211149,3.1320949851396,1.00143831331003
0.300528744138513,3.1320949851396,2.24370194750838
0.294289588557952,3.1320949851396,3.74733240113964
0.288304221345691,3.1320949851396,5.48856905425537
0.282557466245279,3.1320949851396,7.44365128690712
0.277035333382705,3.1320949851396,9.58881847914646
0.271724905558922,3.1320949851396,11.9003100110249
0.26661423737418,3.1320949851396,14.3543652625941
0.261692265525976,3.1320949851396,16.9272236139054
0.256948728862854,3.1320949851396,19.5951244450106
0.252374096978216,3.1320949851396,22.3343071359611
0.247959506298464,3.1320949851396,25.1210110668085
0.243696702763601,3.1320949851396,27.9314756176043
